2 38006.3 
3 5356.64 
4 1269.49 
5 845.374 
6 807.747 
7 807.516 
8 812.468 
9 926.29 
10 828.086 
11 793.337 
12 848.35 
13 889.792 
14 895.868 
15 883.058 
16 874.758 
17 878.315 
18 893.845 
19 918.514 
20 945.966 
21 968.167 
22 983.926 
23 994.576 
24 1002.04 
25 1008.87 
26 1017.73 
27 1029.21 
28 1042.99 
29 1058.36 
30 1074.16 
31 1089.07 
32 1102.96 
33 1116.02 
34 1128.44 
35 1140.4 
36 1152.08 
37 1163.62 
38 1175.17 
39 1186.82 
40 1198.66 
41 1210.76 
42 1223.18 
43 1235.98 
44 1249.2 
45 1262.82 
46 1276.81 
47 1291.08 
48 1305.54 
49 1320 
50 1334.27 
51 1348.15 
52 1361.65 
53 1374.86 
54 1387.86 
55 1400.74 
56 1413.58 
57 1426.48 
58 1439.54 
59 1452.84 
60 1466.49 
61 1480.58 
62 1495.12 
63 1510.09 
64 1525.46 
65 1541.18 
66 1557.19 
67 1573.43 
68 1589.81 
69 1606.2 
70 1622.5 
71 1638.6 
72 1654.52 
73 1670.32 
74 1686.08 
75 1701.88 
76 1717.79 
77 1733.9 
78 1750.3 
79 1767.1 
80 1784.38 
81 1802.25 
82 1820.69 
83 1839.69 
84 1859.21 
85 1879.22 
86 1899.65 
87 1920.46 
88 1941.58 
89 1962.94 
90 1984.45 
91 2006.04 
92 2027.71 
93 2049.48 
94 2071.38 
95 2093.42 
96 2115.62 
97 2138.02 
98 2160.64 
99 2183.49 
100 2206.61 
101 2230.01 
102 2253.71 
103 2277.68 
104 2301.94 
105 2326.45 
106 2351.22 
107 2376.24 
108 2401.48 
109 2426.93 
110 2452.58 
111 2478.39 
112 2504.35 
113 2530.43 
114 2556.6 
115 2582.83 
116 2609.09 
117 2635.34 
118 2661.55 
119 2687.66 
120 2713.65 
121 2739.46 
122 2765.11 
123 2790.6 
124 2815.95 
125 2841.18 
126 2866.29 
127 2891.31 
128 2916.26 
129 2941.15 
130 2966 
131 2990.84 
132 3015.69 
133 3040.57 
134 3065.52 
135 3090.55 
136 3115.69 
137 3140.99 
138 3166.45 
139 3192.13 
140 3218.04 
141 3244.22 
142 3270.65 
143 3297.29 
144 3324.1 
145 3351.05 
146 3378.09 
147 3405.17 
148 3432.26 
149 3459.3 
150 3486.24 
151 3513.03 
152 3539.6 
153 3565.89 
154 3591.85 
155 3617.4 
156 3642.48 
157 3667.01 
158 3690.91 
159 3714.11 
160 3736.53 
161 3758.09 
162 3778.8 
163 3798.66 
164 3817.7 
165 3835.92 
166 3853.36 
167 3870.03 
168 3885.95 
169 3901.15 
170 3915.66 
171 3929.5 
172 3942.71 
173 3955.31 
174 3967.35 
175 3978.86 
176 3989.87 
177 4000.44 
178 4010.6 
179 4020.39 
180 4029.87 
181 4039.07 
182 4047.99 
183 4056.62 
184 4064.95 
185 4072.96 
186 4080.64 
187 4087.98 
188 4094.96 
189 4101.56 
190 4107.77 
191 4113.58 
192 4118.96 
193 4123.91 
194 4128.39 
195 4132.39 
196 4135.89 
197 4138.88 
198 4141.32 
199 4143.21 
200 4144.51 
201 4145.21 
202 4145.29 
203 4144.76 
204 4143.61 
205 4141.82 
206 4139.41 
207 4136.35 
208 4132.65 
209 4128.29 
210 4123.28 
211 4117.61 
212 4111.27 
213 4104.26 
214 4096.57 
215 4088.2 
216 4079.14 
217 4069.38 
218 4058.92 
219 4047.76 
220 4035.89 
221 4023.3 
222 4009.99 
223 3995.96 
224 3981.2 
225 3965.69 
226 3949.46 
227 3932.49 
228 3914.82 
229 3896.46 
230 3877.43 
231 3857.75 
232 3837.44 
233 3816.52 
234 3795.01 
235 3772.94 
236 3750.33 
237 3727.21 
238 3703.6 
239 3679.52 
240 3655.01 
241 3630.09 
242 3604.8 
243 3579.16 
244 3553.2 
245 3526.96 
246 3500.46 
247 3473.75 
248 3446.86 
249 3419.82 
250 3392.67 
251 3365.45 
252 3338.16 
253 3310.81 
254 3283.4 
255 3255.95 
256 3228.46 
257 3200.93 
258 3173.37 
259 3145.78 
260 3118.18 
261 3090.56 
262 3062.94 
263 3035.31 
264 3007.69 
265 2980.08 
266 2952.49 
267 2924.91 
268 2897.36 
269 2869.84 
270 2842.36 
271 2814.91 
272 2787.52 
273 2760.17 
274 2732.88 
275 2705.65 
276 2678.49 
277 2651.4 
278 2624.4 
279 2597.48 
280 2570.66 
281 2543.95 
282 2517.35 
283 2490.87 
284 2464.52 
285 2438.32 
286 2412.26 
287 2386.35 
288 2360.61 
289 2335.04 
290 2309.65 
291 2284.44 
292 2259.44 
293 2234.63 
294 2210.04 
295 2185.68 
296 2161.54 
297 2137.64 
298 2113.98 
299 2090.58 
300 2067.44 
301 2044.57 
302 2021.98 
303 1999.67 
304 1977.64 
305 1955.91 
306 1934.48 
307 1913.35 
308 1892.53 
309 1872.02 
310 1851.83 
311 1831.96 
312 1812.42 
313 1793.21 
314 1774.34 
315 1755.81 
316 1737.62 
317 1719.79 
318 1702.31 
319 1685.18 
320 1668.43 
321 1652.03 
322 1636.01 
323 1620.36 
324 1605.09 
325 1590.2 
326 1575.69 
327 1561.57 
328 1547.85 
329 1534.51 
330 1521.58 
331 1509.04 
332 1496.91 
333 1485.18 
334 1473.86 
335 1462.95 
336 1452.45 
337 1442.37 
338 1432.7 
339 1423.46 
340 1414.63 
341 1406.23 
342 1398.25 
343 1390.69 
344 1383.56 
345 1376.86 
346 1370.59 
347 1364.75 
348 1359.34 
349 1354.36 
350 1349.81 
351 1345.7 
352 1342.01 
353 1338.75 
354 1335.9 
355 1333.48 
356 1331.46 
357 1329.85 
358 1328.64 
359 1327.82 
360 1327.4 
361 1327.36 
362 1327.7 
363 1328.4 
364 1329.48 
365 1330.91 
366 1332.69 
367 1334.81 
368 1337.27 
369 1340.06 
370 1343.17 
371 1346.59 
372 1350.31 
373 1354.32 
374 1358.62 
375 1363.19 
376 1368.02 
377 1373.11 
378 1378.44 
379 1384.01 
380 1389.79 
381 1395.79 
382 1401.99 
383 1408.37 
384 1414.93 
385 1421.65 
386 1428.52 
387 1435.53 
388 1442.66 
389 1449.9 
390 1457.23 
391 1464.65 
392 1472.13 
393 1479.67 
394 1487.24 
395 1494.83 
396 1502.43 
397 1510.02 
398 1517.58 
399 1525.1 
400 1532.55 
401 1539.93 
402 1547.23 
403 1554.45 
404 1561.6 
405 1568.68 
406 1575.68 
407 1582.62 
408 1589.48 
409 1596.28 
410 1603.02 
411 1609.69 
412 1616.3 
413 1622.85 
414 1629.34 
415 1635.78 
416 1642.16 
417 1648.49 
418 1654.77 
419 1661.01 
420 1667.2 
421 1673.35 
422 1679.46 
423 1685.53 
424 1691.57 
425 1697.57 
426 1703.54 
427 1709.49 
428 1715.41 
429 1721.31 
430 1727.19 
431 1733.06 
432 1738.91 
433 1744.75 
434 1750.58 
435 1756.42 
436 1762.25 
437 1768.08 
438 1773.92 
439 1779.77 
440 1785.63 
441 1791.5 
442 1797.4 
443 1803.32 
444 1809.27 
445 1815.24 
446 1821.26 
447 1827.31 
448 1833.4 
449 1839.54 
450 1845.73 
451 1851.97 
452 1858.26 
453 1864.6 
454 1870.96 
455 1877.35 
456 1883.77 
457 1890.19 
458 1896.63 
459 1903.06 
460 1909.48 
461 1915.88 
462 1922.25 
463 1928.6 
464 1934.9 
465 1941.15 
466 1947.34 
467 1953.47 
468 1959.52 
469 1965.49 
470 1971.36 
471 1977.13 
472 1982.78 
473 1988.32 
474 1993.72 
475 1998.98 
476 2004.1 
477 2009.05 
478 2013.83 
479 2018.43 
480 2022.84 
481 2027.04 
482 2031.03 
483 2034.8 
484 2038.34 
485 2041.63 
486 2044.66 
487 2047.42 
488 2049.9 
489 2052.09 
490 2053.98 
491 2055.54 
492 2056.79 
493 2057.69 
494 2058.23 
495 2058.41 
496 2058.22 
497 2057.63 
498 2056.63 
499 2055.22 
500 2053.38 
501 2051.09 
502 2048.37 
503 2045.24 
504 2041.71 
505 2037.8 
506 2033.52 
507 2028.88 
508 2023.91 
509 2018.63 
510 2013.04 
511 2007.17 
512 2001.03 
513 1994.65 
514 1988.04 
515 1981.22 
516 1974.21 
517 1967.03 
518 1959.7 
519 1952.24 
520 1944.67 
521 1937.01 
522 1929.28 
523 1921.51 
524 1913.71 
525 1905.9 
526 1898.12 
527 1890.38 
528 1882.7 
529 1875.12 
530 1867.64 
531 1860.3 
532 1853.13 
533 1846.14 
534 1839.36 
535 1832.82 
536 1826.54 
537 1820.55 
538 1814.87 
539 1809.54 
540 1804.58 
541 1800.01 
542 1795.87 
543 1792.18 
544 1788.97 
545 1786.28 
546 1784.12 
547 1782.54 
548 1781.56 
549 1781.2 
550 1781.51 
551 1782.51 
552 1784.19 
553 1786.54 
554 1789.56 
555 1793.24 
556 1797.57 
557 1802.54 
558 1808.13 
559 1814.34 
560 1821.17 
561 1828.59 
562 1836.59 
563 1845.18 
564 1854.33 
565 1864.03 
566 1874.28 
567 1885.05 
568 1896.35 
569 1908.15 
570 1920.45 
571 1933.22 
572 1946.47 
573 1960.17 
574 1974.32 
575 1988.89 
576 2003.87 
577 2019.26 
578 2035.03 
579 2051.18 
580 2067.68 
581 2084.53 
582 2101.7 
583 2119.18 
584 2136.96 
585 2155.01 
586 2173.33 
587 2191.9 
588 2210.7 
589 2229.71 
590 2248.92 
591 2268.3 
592 2287.85 
593 2307.54 
594 2327.35 
595 2347.27 
596 2367.28 
597 2387.35 
598 2407.48 
599 2427.64 
600 2447.8 
601 2467.96 
602 2488.1 
603 2508.2 
604 2528.26 
605 2548.26 
606 2568.2 
607 2588.05 
608 2607.81 
609 2627.46 
610 2646.99 
611 2666.39 
612 2685.65 
613 2704.75 
614 2723.68 
615 2742.42 
616 2760.96 
617 2779.3 
618 2797.4 
619 2815.27 
620 2832.88 
621 2850.22 
622 2867.28 
623 2884.04 
624 2900.48 
625 2916.6 
626 2932.38 
627 2947.79 
628 2962.84 
629 2977.49 
630 2991.73 
631 3005.56 
632 3018.94 
633 3031.88 
634 3044.34 
635 3056.31 
636 3067.78 
637 3078.73 
638 3089.14 
639 3098.99 
640 3108.27 
641 3116.96 
642 3125.04 
643 3132.49 
644 3139.3 
645 3145.44 
646 3150.91 
647 3155.67 
648 3159.71 
649 3163.01 
650 3165.56 
651 3167.33 
652 3168.35 
653 3168.62 
654 3168.17 
655 3167.01 
656 3165.17 
657 3162.65 
658 3159.48 
659 3155.68 
660 3151.27 
661 3146.27 
662 3140.69 
663 3134.56 
664 3127.9 
665 3120.73 
666 3113.07 
667 3104.94 
668 3096.37 
669 3087.37 
670 3077.97 
671 3068.18 
672 3058.05 
673 3047.58 
674 3036.8 
675 3025.73 
676 3014.4 
677 3002.84 
678 2991.06 
679 2979.09 
680 2966.96 
681 2954.7 
682 2942.32 
683 2929.86 
684 2917.35 
685 2904.8 
686 2892.25 
687 2879.72 
688 2867.25 
689 2854.85 
690 2842.56 
691 2830.41 
692 2818.43 
693 2806.64 
694 2795.08 
695 2783.77 
696 2772.75 
697 2762.04 
698 2751.69 
699 2741.71 
700 2732.14 
701 2723.01 
702 2714.31 
703 2706.01 
704 2698.11 
705 2690.59 
706 2683.43 
707 2676.62 
708 2670.13 
709 2663.95 
710 2658.06 
711 2652.45 
712 2647.09 
713 2641.97 
714 2637.07 
715 2632.37 
716 2627.86 
717 2623.5 
718 2619.29 
719 2615.2 
720 2611.21 
721 2607.3 
722 2603.46 
723 2599.66 
724 2595.88 
725 2592.1 
726 2588.3 
727 2584.46 
728 2580.55 
729 2576.55 
730 2572.45 
731 2568.21 
732 2563.82 
733 2559.25 
734 2554.48 
735 2549.49 
736 2544.25 
737 2538.74 
738 2532.93 
739 2526.8 
740 2520.32 
741 2513.48 
742 2506.24 
743 2498.58 
744 2490.47 
745 2481.89 
746 2472.8 
747 2463.2 
748 2453.04 
749 2442.3 
750 2430.96 
751 2418.99 
752 2406.4 
753 2393.21 
754 2379.44 
755 2365.09 
756 2350.2 
757 2334.77 
758 2318.83 
759 2302.39 
760 2285.46 
761 2268.07 
762 2250.24 
763 2231.98 
764 2213.32 
765 2194.26 
766 2174.84 
767 2155.06 
768 2134.96 
769 2114.54 
770 2093.83 
771 2072.85 
772 2051.63 
773 2030.17 
774 2008.5 
775 1986.65 
776 1964.62 
777 1942.46 
778 1920.17 
779 1897.78 
780 1875.31 
781 1852.79 
782 1830.23 
783 1807.66 
784 1785.11 
785 1762.59 
786 1740.13 
787 1717.76 
788 1695.49 
789 1673.35 
790 1651.37 
791 1629.57 
792 1607.98 
793 1586.62 
794 1565.52 
795 1544.7 
796 1524.19 
797 1504.02 
798 1484.2 
799 1464.78 
800 1445.77 
801 1427.2 
802 1409.07 
803 1391.37 
804 1374.1 
805 1357.25 
806 1340.83 
807 1324.82 
808 1309.22 
809 1294.03 
810 1279.24 
811 1264.84 
812 1250.84 
813 1237.22 
814 1223.99 
815 1211.12 
816 1198.63 
817 1186.51 
818 1174.74 
819 1163.33 
820 1152.26 
821 1141.54 
822 1131.15 
823 1121.09 
824 1111.36 
825 1101.95 
826 1092.85 
827 1084.05 
828 1075.56 
829 1067.36 
830 1059.44 
831 1051.81 
832 1044.45 
833 1037.36 
834 1030.52 
835 1023.95 
836 1017.61 
837 1011.52 
838 1005.66 
839 1000.03 
840 994.615 
841 989.411 
842 984.41 
843 979.606 
844 974.99 
845 970.555 
846 966.293 
847 962.197 
848 958.258 
849 954.469 
850 950.82 
851 947.307 
852 943.931 
853 940.693 
854 937.597 
855 934.647 
856 931.845 
857 929.194 
858 926.698 
859 924.359 
860 922.181 
861 920.166 
862 918.319 
863 916.641 
864 915.137 
865 913.809 
866 912.661 
867 911.696 
868 910.918 
869 910.329 
870 909.933 
871 909.733 
872 909.733 
873 909.936 
874 910.346 
875 910.965 
876 911.798 
877 912.848 
878 914.118 
879 915.612 
880 917.334 
881 919.287 
882 921.474 
883 923.899 
884 926.567 
885 929.48 
886 932.642 
887 936.057 
888 939.728 
889 943.66 
890 947.857 
891 952.321 
892 957.056 
893 962.068 
894 967.359 
895 972.933 
896 978.794 
897 984.947 
898 991.394 
899 998.141 
900 1005.19 
901 1012.54 
902 1020.19 
903 1028.11 
904 1036.29 
905 1044.72 
906 1053.38 
907 1062.25 
908 1071.32 
909 1080.57 
910 1089.99 
911 1099.55 
912 1109.24 
913 1119.05 
914 1128.96 
915 1138.95 
916 1149 
917 1159.09 
918 1169.22 
919 1179.35 
920 1189.48 
921 1199.58 
922 1209.64 
923 1219.63 
924 1229.55 
925 1239.36 
926 1249.06 
927 1258.61 
928 1268.02 
929 1277.24 
930 1286.27 
931 1295.08 
932 1303.66 
933 1311.99 
934 1320.04 
935 1327.79 
936 1335.23 
937 1342.33 
938 1349.07 
939 1355.43 
940 1361.4 
941 1366.94 
942 1372.05 
943 1376.68 
944 1380.84 
945 1384.48 
946 1387.6 
947 1390.16 
948 1392.15 
949 1393.54 
950 1394.31 
951 1394.44 
952 1393.96 
953 1392.86 
954 1391.17 
955 1388.91 
956 1386.1 
957 1382.76 
958 1378.9 
959 1374.54 
960 1369.71 
961 1364.42 
962 1358.69 
963 1352.54 
964 1345.99 
965 1339.06 
966 1331.77 
967 1324.15 
968 1316.2 
969 1307.96 
970 1299.44 
971 1290.66 
972 1281.65 
973 1272.43 
974 1263.01 
975 1253.43 
976 1243.69 
977 1233.84 
978 1223.87 
979 1213.83 
980 1203.73 
981 1193.6 
982 1183.45 
983 1173.31 
984 1163.21 
985 1153.17 
986 1143.2 
987 1133.35 
988 1123.63 
989 1114.06 
990 1104.67 
991 1095.48 
992 1086.52 
993 1077.82 
994 1069.4 
995 1061.28 
996 1053.5 
997 1046.07 
998 1039.03 
999 1032.39 
1000 1026.19 
1001 1020.45 
1002 1015.16 
1003 1010.31 
1004 1005.88 
1005 1001.86 
1006 998.246 
1007 995.017 
1008 992.161 
1009 989.665 
1010 987.516 
1011 985.7 
1012 984.204 
1013 983.013 
1014 982.115 
1015 981.494 
1016 981.138 
1017 981.031 
1018 981.159 
1019 981.508 
1020 982.064 
1021 982.811 
1022 983.734 
1023 984.819 
1024 986.051 
1025 987.414 
1026 988.893 
1027 990.473 
1028 992.138 
1029 993.872 
1030 995.659 
1031 997.484 
1032 999.331 
1033 1001.18 
1034 1003.02 
1035 1004.84 
1036 1006.6 
1037 1008.31 
1038 1009.94 
1039 1011.48 
1040 1012.9 
1041 1014.19 
1042 1015.34 
1043 1016.33 
1044 1017.13 
1045 1017.73 
1046 1018.12 
1047 1018.27 
1048 1018.17 
1049 1017.79 
1050 1017.13 
1051 1016.16 
1052 1014.9 
1053 1013.35 
1054 1011.54 
1055 1009.48 
1056 1007.17 
1057 1004.64 
1058 1001.9 
1059 998.957 
1060 995.833 
1061 992.541 
1062 989.095 
1063 985.509 
1064 981.799 
1065 977.979 
1066 974.065 
1067 970.072 
1068 966.015 
1069 961.91 
1070 957.771 
1071 953.615 
1072 949.458 
1073 945.315 
1074 941.202 
1075 937.136 
1076 933.132 
1077 929.208 
1078 925.38 
1079 921.663 
1080 918.076 
1081 914.634 
1082 911.355 
1083 908.256 
1084 905.354 
1085 902.666 
1086 900.21 
1087 898.004 
1088 896.065 
1089 894.41 
1090 893.059 
1091 892.028 
1092 891.336 
1093 891.002 
1094 891.044 
1095 891.48 
1096 892.329 
1097 893.61 
1098 895.342 
1099 897.544 
1100 900.235 
1101 903.428 
1102 907.113 
1103 911.275 
1104 915.895 
1105 920.959 
1106 926.448 
1107 932.347 
1108 938.639 
1109 945.306 
1110 952.331 
1111 959.696 
1112 967.385 
1113 975.379 
1114 983.661 
1115 992.213 
1116 1001.02 
1117 1010.05 
1118 1019.31 
1119 1028.76 
1120 1038.38 
1121 1048.17 
1122 1058.1 
1123 1068.15 
1124 1078.3 
1125 1088.54 
1126 1098.84 
1127 1109.18 
1128 1119.55 
1129 1129.92 
1130 1140.28 
1131 1150.6 
1132 1160.87 
1133 1171.06 
1134 1181.15 
1135 1191.13 
1136 1200.97 
1137 1210.65 
1138 1220.15 
1139 1229.44 
1140 1238.52 
1141 1247.35 
1142 1255.91 
1143 1264.19 
1144 1272.15 
1145 1279.79 
1146 1287.06 
1147 1293.97 
1148 1300.47 
1149 1306.55 
1150 1312.19 
1151 1317.36 
1152 1322.07 
1153 1326.33 
1154 1330.14 
1155 1333.51 
1156 1336.45 
1157 1338.97 
1158 1341.07 
1159 1342.76 
1160 1344.05 
1161 1344.95 
1162 1345.46 
1163 1345.59 
1164 1345.35 
1165 1344.75 
1166 1343.8 
1167 1342.5 
1168 1340.86 
1169 1338.89 
1170 1336.61 
1171 1334 
1172 1331.1 
1173 1327.9 
1174 1324.41 
1175 1320.64 
1176 1316.6 
1177 1312.3 
1178 1307.75 
1179 1302.96 
1180 1297.93 
1181 1292.67 
1182 1287.2 
1183 1281.52 
1184 1275.65 
1185 1269.58 
1186 1263.34 
1187 1256.92 
1188 1250.35 
1189 1243.62 
1190 1236.75 
1191 1229.76 
1192 1222.64 
1193 1215.4 
1194 1208.07 
1195 1200.64 
1196 1193.14 
1197 1185.56 
1198 1177.91 
1199 1170.22 
1200 1162.49 
