2 895.844 
3 832.879 
4 770.244 
5 718.648 
6 677.653 
7 644.755 
8 617.365 
9 592.787 
10 575.626 
11 570.489 
12 572.764 
13 570.106 
14 561.433 
15 550.383 
16 540.848 
17 534.85 
18 533.067 
19 534.975 
20 538.588 
21 541.141 
22 542.381 
23 542.842 
24 543.055 
25 543.538 
26 544.731 
27 546.828 
28 549.842 
29 553.618 
30 557.814 
31 562.024 
32 566.269 
33 570.681 
34 575.362 
35 580.39 
36 585.802 
37 591.601 
38 597.745 
39 604.143 
40 610.654 
41 617.131 
42 623.591 
43 630.095 
44 636.698 
45 643.451 
46 650.397 
47 657.573 
48 665.006 
49 672.717 
50 680.713 
51 689 
52 697.6 
53 706.536 
54 715.823 
55 725.471 
56 735.479 
57 745.841 
58 756.54 
59 767.551 
60 778.837 
61 790.363 
62 802.132 
63 814.152 
64 826.432 
65 838.976 
66 851.783 
67 864.851 
68 878.175 
69 891.743 
70 905.541 
71 919.555 
72 933.785 
73 948.233 
74 962.9 
75 977.784 
76 992.883 
77 1008.19 
78 1023.7 
79 1039.4 
80 1055.28 
81 1071.33 
82 1087.53 
83 1103.87 
84 1120.34 
85 1136.92 
86 1153.59 
87 1170.33 
88 1187.12 
89 1203.92 
90 1220.71 
91 1237.47 
92 1254.24 
93 1271.06 
94 1288 
95 1305.11 
96 1322.45 
97 1340.11 
98 1358.14 
99 1376.64 
100 1395.68 
101 1415.35 
102 1435.62 
103 1456.49 
104 1477.93 
105 1499.9 
106 1522.37 
107 1545.31 
108 1568.66 
109 1592.38 
110 1616.42 
111 1640.73 
112 1665.24 
113 1689.89 
114 1714.6 
115 1739.31 
116 1763.93 
117 1788.38 
118 1812.57 
119 1836.4 
120 1859.77 
121 1882.6 
122 1904.86 
123 1926.58 
124 1947.76 
125 1968.41 
126 1988.55 
127 2008.19 
128 2027.35 
129 2046.06 
130 2064.34 
131 2082.21 
132 2099.71 
133 2116.86 
134 2133.71 
135 2150.27 
136 2166.6 
137 2182.74 
138 2198.73 
139 2214.62 
140 2230.45 
141 2246.28 
142 2262.09 
143 2277.89 
144 2293.65 
145 2309.36 
146 2325.02 
147 2340.6 
148 2356.09 
149 2371.47 
150 2386.72 
151 2401.84 
152 2416.79 
153 2431.56 
154 2446.12 
155 2460.46 
156 2474.56 
157 2488.38 
158 2501.91 
159 2515.11 
160 2527.97 
161 2540.45 
162 2552.56 
163 2564.28 
164 2575.63 
165 2586.6 
166 2597.18 
167 2607.39 
168 2617.22 
169 2626.67 
170 2635.74 
171 2644.43 
172 2652.76 
173 2660.71 
174 2668.28 
175 2675.5 
176 2682.35 
177 2688.84 
178 2694.97 
179 2700.76 
180 2706.19 
181 2711.29 
182 2716.04 
183 2720.45 
184 2724.5 
185 2728.21 
186 2731.56 
187 2734.56 
188 2737.21 
189 2739.49 
190 2741.42 
191 2742.98 
192 2744.18 
193 2745.01 
194 2745.47 
195 2745.57 
196 2745.29 
197 2744.65 
198 2743.63 
199 2742.23 
200 2740.46 
201 2738.31 
202 2735.78 
203 2732.88 
204 2729.61 
205 2725.97 
206 2721.95 
207 2717.58 
208 2712.83 
209 2707.73 
210 2702.26 
211 2696.44 
212 2690.26 
213 2683.74 
214 2676.87 
215 2669.65 
216 2662.1 
217 2654.21 
218 2645.99 
219 2637.45 
220 2628.58 
221 2619.39 
222 2609.9 
223 2600.09 
224 2589.99 
225 2579.59 
226 2568.89 
227 2557.91 
228 2546.65 
229 2535.11 
230 2523.3 
231 2511.22 
232 2498.87 
233 2486.26 
234 2473.39 
235 2460.28 
236 2446.91 
237 2433.31 
238 2419.47 
239 2405.4 
240 2391.11 
241 2376.6 
242 2361.87 
243 2346.94 
244 2331.81 
245 2316.48 
246 2300.97 
247 2285.28 
248 2269.41 
249 2253.37 
250 2237.17 
251 2220.83 
252 2204.33 
253 2187.69 
254 2170.91 
255 2153.99 
256 2136.95 
257 2119.78 
258 2102.49 
259 2085.09 
260 2067.58 
261 2049.97 
262 2032.25 
263 2014.45 
264 1996.55 
265 1978.57 
266 1960.52 
267 1942.39 
268 1924.2 
269 1905.95 
270 1887.64 
271 1869.29 
272 1850.89 
273 1832.46 
274 1813.99 
275 1795.5 
276 1777 
277 1758.48 
278 1739.97 
279 1721.47 
280 1702.99 
281 1684.54 
282 1666.13 
283 1647.77 
284 1629.47 
285 1611.25 
286 1593.12 
287 1575.07 
288 1557.14 
289 1539.32 
290 1521.64 
291 1504.09 
292 1486.7 
293 1469.48 
294 1452.43 
295 1435.58 
296 1418.93 
297 1402.49 
298 1386.29 
299 1370.33 
300 1354.62 
301 1339.18 
302 1324.02 
303 1309.13 
304 1294.51 
305 1280.17 
306 1266.1 
307 1252.32 
308 1238.81 
309 1225.58 
310 1212.64 
311 1199.97 
312 1187.59 
313 1175.48 
314 1163.66 
315 1152.11 
316 1140.85 
317 1129.87 
318 1119.16 
319 1108.74 
320 1098.59 
321 1088.71 
322 1079.11 
323 1069.79 
324 1060.73 
325 1051.94 
326 1043.43 
327 1035.17 
328 1027.18 
329 1019.44 
330 1011.97 
331 1004.75 
332 997.774 
333 991.049 
334 984.568 
335 978.326 
336 972.321 
337 966.547 
338 961 
339 955.676 
340 950.57 
341 945.677 
342 940.992 
343 936.509 
344 932.222 
345 928.127 
346 924.217 
347 920.485 
348 916.925 
349 913.531 
350 910.296 
351 907.213 
352 904.283 
353 901.506 
354 898.882 
355 896.412 
356 894.097 
357 891.937 
358 889.933 
359 888.085 
360 886.393 
361 884.858 
362 883.48 
363 882.259 
364 881.195 
365 880.289 
366 879.541 
367 878.951 
368 878.518 
369 878.243 
370 878.125 
371 878.164 
372 878.361 
373 878.714 
374 879.224 
375 879.89 
376 880.712 
377 881.689 
378 882.821 
379 884.107 
380 885.547 
381 887.139 
382 888.883 
383 890.779 
384 892.825 
385 895.02 
386 897.364 
387 899.855 
388 902.493 
389 905.276 
390 908.203 
391 911.272 
392 914.483 
393 917.834 
394 921.324 
395 924.951 
396 928.713 
397 932.609 
398 936.637 
399 940.795 
400 945.082 
401 949.495 
402 954.033 
403 958.691 
404 963.468 
405 968.361 
406 973.367 
407 978.483 
408 983.705 
409 989.03 
410 994.456 
411 999.979 
412 1005.59 
413 1011.3 
414 1017.09 
415 1022.97 
416 1028.92 
417 1034.95 
418 1041.05 
419 1047.22 
420 1053.45 
421 1059.74 
422 1066.08 
423 1072.47 
424 1078.91 
425 1085.39 
426 1091.91 
427 1098.46 
428 1105.03 
429 1111.63 
430 1118.25 
431 1124.87 
432 1131.51 
433 1138.14 
434 1144.77 
435 1151.39 
436 1158 
437 1164.58 
438 1171.14 
439 1177.66 
440 1184.15 
441 1190.59 
442 1196.99 
443 1203.32 
444 1209.59 
445 1215.79 
446 1221.92 
447 1227.96 
448 1233.91 
449 1239.77 
450 1245.52 
451 1251.16 
452 1256.7 
453 1262.11 
454 1267.42 
455 1272.62 
456 1277.7 
457 1282.66 
458 1287.52 
459 1292.25 
460 1296.88 
461 1301.39 
462 1305.78 
463 1310.05 
464 1314.21 
465 1318.25 
466 1322.18 
467 1325.99 
468 1329.67 
469 1333.25 
470 1336.7 
471 1340.03 
472 1343.25 
473 1346.34 
474 1349.32 
475 1352.17 
476 1354.91 
477 1357.53 
478 1360.02 
479 1362.4 
480 1364.65 
481 1366.79 
482 1368.8 
483 1370.7 
484 1372.47 
485 1374.12 
486 1375.65 
487 1377.06 
488 1378.35 
489 1379.52 
490 1380.56 
491 1381.49 
492 1382.3 
493 1382.98 
494 1383.55 
495 1383.99 
496 1384.31 
497 1384.52 
498 1384.6 
499 1384.56 
500 1384.41 
501 1384.13 
502 1383.74 
503 1383.23 
504 1382.61 
505 1381.87 
506 1381.02 
507 1380.06 
508 1378.99 
509 1377.82 
510 1376.54 
511 1375.16 
512 1373.68 
513 1372.1 
514 1370.42 
515 1368.64 
516 1366.78 
517 1364.82 
518 1362.77 
519 1360.64 
520 1358.42 
521 1356.12 
522 1353.73 
523 1351.27 
524 1348.74 
525 1346.13 
526 1343.45 
527 1340.71 
528 1337.89 
529 1335.02 
530 1332.08 
531 1329.09 
532 1326.04 
533 1322.93 
534 1319.78 
535 1316.58 
536 1313.34 
537 1310.06 
538 1306.74 
539 1303.38 
540 1299.99 
541 1296.58 
542 1293.13 
543 1289.67 
544 1286.18 
545 1282.68 
546 1279.17 
547 1275.64 
548 1272.11 
549 1268.58 
550 1265.05 
551 1261.53 
552 1258.01 
553 1254.5 
554 1250.99 
555 1247.51 
556 1244.03 
557 1240.57 
558 1237.13 
559 1233.71 
560 1230.31 
561 1226.93 
562 1223.58 
563 1220.26 
564 1216.96 
565 1213.7 
566 1210.48 
567 1207.29 
568 1204.13 
569 1201.02 
570 1197.95 
571 1194.93 
572 1191.95 
573 1189.02 
574 1186.15 
575 1183.33 
576 1180.56 
577 1177.85 
578 1175.21 
579 1172.63 
580 1170.11 
581 1167.67 
582 1165.29 
583 1162.99 
584 1160.77 
585 1158.62 
586 1156.55 
587 1154.57 
588 1152.68 
589 1150.87 
590 1149.16 
591 1147.54 
592 1146.02 
593 1144.6 
594 1143.28 
595 1142.07 
596 1140.97 
597 1139.98 
598 1139.1 
599 1138.34 
600 1137.7 
601 1137.19 
602 1136.8 
603 1136.53 
604 1136.38 
605 1136.35 
606 1136.45 
607 1136.66 
608 1137 
609 1137.46 
610 1138.03 
611 1138.73 
612 1139.54 
613 1140.47 
614 1141.52 
615 1142.69 
616 1143.97 
617 1145.37 
618 1146.88 
619 1148.5 
620 1150.24 
621 1152.1 
622 1154.06 
623 1156.13 
624 1158.32 
625 1160.61 
626 1163.02 
627 1165.53 
628 1168.15 
629 1170.87 
630 1173.7 
631 1176.64 
632 1179.67 
633 1182.81 
634 1186.05 
635 1189.4 
636 1192.84 
637 1196.38 
638 1200.01 
639 1203.74 
640 1207.57 
641 1211.49 
642 1215.51 
643 1219.61 
644 1223.81 
645 1228.09 
646 1232.46 
647 1236.92 
648 1241.47 
649 1246.09 
650 1250.8 
651 1255.6 
652 1260.47 
653 1265.42 
654 1270.44 
655 1275.54 
656 1280.72 
657 1285.97 
658 1291.29 
659 1296.68 
660 1302.13 
661 1307.65 
662 1313.24 
663 1318.89 
664 1324.6 
665 1330.37 
666 1336.19 
667 1342.08 
668 1348.01 
669 1354 
670 1360.04 
671 1366.13 
672 1372.26 
673 1378.44 
674 1384.67 
675 1390.93 
676 1397.23 
677 1403.57 
678 1409.94 
679 1416.35 
680 1422.78 
681 1429.25 
682 1435.74 
683 1442.25 
684 1448.79 
685 1455.35 
686 1461.92 
687 1468.51 
688 1475.12 
689 1481.73 
690 1488.35 
691 1494.98 
692 1501.61 
693 1508.24 
694 1514.87 
695 1521.5 
696 1528.12 
697 1534.73 
698 1541.33 
699 1547.91 
700 1554.48 
701 1561.03 
702 1567.55 
703 1574.05 
704 1580.53 
705 1586.97 
706 1593.38 
707 1599.76 
708 1606.09 
709 1612.39 
710 1618.64 
711 1624.84 
712 1631 
713 1637.1 
714 1643.14 
715 1649.13 
716 1655.05 
717 1660.91 
718 1666.7 
719 1672.43 
720 1678.07 
721 1683.64 
722 1689.13 
723 1694.53 
724 1699.85 
725 1705.08 
726 1710.21 
727 1715.25 
728 1720.18 
729 1725.02 
730 1729.74 
731 1734.36 
732 1738.86 
733 1743.24 
734 1747.5 
735 1751.64 
736 1755.64 
737 1759.52 
738 1763.26 
739 1766.86 
740 1770.32 
741 1773.63 
742 1776.79 
743 1779.8 
744 1782.64 
745 1785.33 
746 1787.85 
747 1790.19 
748 1792.37 
749 1794.36 
750 1796.18 
751 1797.81 
752 1799.25 
753 1800.51 
754 1801.58 
755 1802.47 
756 1803.18 
757 1803.71 
758 1804.06 
759 1804.24 
760 1804.23 
761 1804.05 
762 1803.69 
763 1803.16 
764 1802.46 
765 1801.58 
766 1800.54 
767 1799.32 
768 1797.94 
769 1796.39 
770 1794.68 
771 1792.8 
772 1790.76 
773 1788.56 
774 1786.2 
775 1783.68 
776 1781 
777 1778.17 
778 1775.18 
779 1772.04 
780 1768.75 
781 1765.31 
782 1761.73 
783 1757.99 
784 1754.12 
785 1750.1 
786 1745.93 
787 1741.63 
788 1737.19 
789 1732.62 
790 1727.91 
791 1723.07 
792 1718.1 
793 1713 
794 1707.77 
795 1702.42 
796 1696.94 
797 1691.35 
798 1685.63 
799 1679.8 
800 1673.85 
801 1667.79 
802 1661.62 
803 1655.34 
804 1648.96 
805 1642.46 
806 1635.87 
807 1629.17 
808 1622.37 
809 1615.48 
810 1608.49 
811 1601.41 
812 1594.24 
813 1586.98 
814 1579.63 
815 1572.2 
816 1564.69 
817 1557.1 
818 1549.43 
819 1541.68 
820 1533.86 
821 1525.98 
822 1518.02 
823 1510 
824 1501.91 
825 1493.77 
826 1485.56 
827 1477.3 
828 1468.99 
829 1460.63 
830 1452.22 
831 1443.76 
832 1435.26 
833 1426.72 
834 1418.15 
835 1409.53 
836 1400.89 
837 1392.22 
838 1383.52 
839 1374.8 
840 1366.06 
841 1357.3 
842 1348.52 
843 1339.73 
844 1330.94 
845 1322.13 
846 1313.33 
847 1304.52 
848 1295.72 
849 1286.93 
850 1278.14 
851 1269.37 
852 1260.61 
853 1251.86 
854 1243.14 
855 1234.43 
856 1225.75 
857 1217.08 
858 1208.45 
859 1199.84 
860 1191.26 
861 1182.71 
862 1174.19 
863 1165.7 
864 1157.26 
865 1148.85 
866 1140.48 
867 1132.15 
868 1123.87 
869 1115.63 
870 1107.45 
871 1099.31 
872 1091.22 
873 1083.19 
874 1075.21 
875 1067.3 
876 1059.44 
877 1051.65 
878 1043.92 
879 1036.26 
880 1028.66 
881 1021.14 
882 1013.69 
883 1006.32 
884 999.027 
885 991.812 
886 984.679 
887 977.631 
888 970.67 
889 963.798 
890 957.017 
891 950.331 
892 943.74 
893 937.248 
894 930.856 
895 924.568 
896 918.386 
897 912.311 
898 906.347 
899 900.497 
900 894.761 
901 889.143 
902 883.643 
903 878.26 
904 872.995 
905 867.848 
906 862.818 
907 857.906 
908 853.111 
909 848.433 
910 843.872 
911 839.428 
912 835.1 
913 830.89 
914 826.795 
915 822.817 
916 818.956 
917 815.21 
918 811.579 
919 808.065 
920 804.666 
921 801.382 
922 798.213 
923 795.158 
924 792.219 
925 789.393 
926 786.682 
927 784.084 
928 781.6 
929 779.229 
930 776.972 
931 774.827 
932 772.794 
933 770.874 
934 769.065 
935 767.368 
936 765.783 
937 764.308 
938 762.944 
939 761.69 
940 760.546 
941 759.512 
942 758.586 
943 757.77 
944 757.062 
945 756.462 
946 755.97 
947 755.585 
948 755.307 
949 755.136 
950 755.071 
951 755.111 
952 755.255 
953 755.501 
954 755.849 
955 756.296 
956 756.841 
957 757.481 
958 758.217 
959 759.045 
960 759.965 
961 760.974 
962 762.071 
963 763.253 
964 764.521 
965 765.871 
966 767.301 
967 768.811 
968 770.398 
969 772.06 
970 773.796 
971 775.604 
972 777.481 
973 779.426 
974 781.437 
975 783.512 
976 785.65 
977 787.847 
978 790.102 
979 792.414 
980 794.779 
981 797.197 
982 799.664 
983 802.179 
984 804.74 
985 807.345 
986 809.991 
987 812.676 
988 815.399 
989 818.156 
990 820.947 
991 823.767 
992 826.616 
993 829.491 
994 832.389 
995 835.309 
996 838.248 
997 841.203 
998 844.173 
999 847.154 
1000 850.145 
1001 853.144 
1002 856.148 
1003 859.156 
1004 862.167 
1005 865.18 
1006 868.194 
1007 871.206 
1008 874.216 
1009 877.222 
1010 880.223 
1011 883.218 
1012 886.204 
1013 889.181 
1014 892.147 
1015 895.101 
1016 898.04 
1017 900.965 
1018 903.872 
1019 906.761 
1020 909.631 
1021 912.479 
1022 915.304 
1023 918.105 
1024 920.88 
1025 923.627 
1026 926.345 
1027 929.032 
1028 931.688 
1029 934.309 
1030 936.894 
1031 939.443 
1032 941.952 
1033 944.421 
1034 946.848 
1035 949.231 
1036 951.569 
1037 953.859 
1038 956.1 
1039 958.291 
1040 960.429 
1041 962.513 
1042 964.541 
1043 966.511 
1044 968.422 
1045 970.272 
1046 972.058 
1047 973.78 
1048 975.435 
1049 977.021 
1050 978.537 
1051 979.981 
1052 981.352 
1053 982.651 
1054 983.878 
1055 985.032 
1056 986.114 
1057 987.124 
1058 988.061 
1059 988.925 
1060 989.717 
1061 990.437 
1062 991.084 
1063 991.659 
1064 992.161 
1065 992.591 
1066 992.949 
1067 993.234 
1068 993.446 
1069 993.586 
1070 993.654 
1071 993.649 
1072 993.572 
1073 993.423 
1074 993.201 
1075 992.907 
1076 992.541 
1077 992.102 
1078 991.591 
1079 991.008 
1080 990.353 
1081 989.626 
1082 988.827 
1083 987.956 
1084 987.013 
1085 985.998 
1086 984.911 
1087 983.753 
1088 982.522 
1089 981.22 
1090 979.847 
1091 978.402 
1092 976.885 
1093 975.297 
1094 973.638 
1095 971.907 
1096 970.105 
1097 968.233 
1098 966.289 
1099 964.274 
1100 962.189 
1101 960.032 
1102 957.807 
1103 955.513 
1104 953.152 
1105 950.725 
1106 948.233 
1107 945.678 
1108 943.061 
1109 940.383 
1110 937.646 
1111 934.85 
1112 931.998 
1113 929.09 
1114 926.128 
1115 923.112 
1116 920.046 
1117 916.929 
1118 913.763 
1119 910.549 
1120 907.29 
1121 903.986 
1122 900.639 
1123 897.25 
1124 893.821 
1125 890.353 
1126 886.848 
1127 883.306 
1128 879.731 
1129 876.122 
1130 872.482 
1131 868.812 
1132 865.113 
1133 861.388 
1134 857.637 
1135 853.863 
1136 850.067 
1137 846.25 
1138 842.414 
1139 838.561 
1140 834.692 
1141 830.809 
1142 826.914 
1143 823.008 
1144 819.093 
1145 815.17 
1146 811.242 
1147 807.31 
1148 803.375 
1149 799.44 
1150 795.506 
1151 791.575 
1152 787.648 
1153 783.726 
1154 779.809 
1155 775.9 
1156 771.999 
1157 768.106 
1158 764.224 
1159 760.352 
1160 756.493 
1161 752.647 
1162 748.814 
1163 744.997 
1164 741.196 
1165 737.413 
1166 733.648 
1167 729.902 
1168 726.177 
1169 722.474 
1170 718.793 
1171 715.137 
1172 711.505 
1173 707.899 
1174 704.321 
1175 700.771 
1176 697.25 
1177 693.76 
1178 690.302 
1179 686.877 
1180 683.487 
1181 680.131 
1182 676.812 
1183 673.531 
1184 670.288 
1185 667.086 
1186 663.925 
1187 660.807 
1188 657.732 
1189 654.702 
1190 651.719 
1191 648.783 
1192 645.896 
1193 643.059 
1194 640.273 
1195 637.539 
1196 634.86 
1197 632.235 
1198 629.667 
1199 627.157 
1200 624.705 
1201 622.314 
1202 619.983 
1203 617.711 
1204 615.499 
1205 613.346 
1206 611.252 
1207 609.217 
1208 607.24 
1209 605.321 
1210 603.459 
1211 601.655 
1212 599.908 
1213 598.217 
1214 596.583 
1215 595.005 
1216 593.483 
1217 592.016 
1218 590.604 
1219 589.247 
1220 587.944 
1221 586.695 
1222 585.5 
1223 584.358 
1224 583.269 
1225 582.232 
1226 581.248 
1227 580.315 
1228 579.434 
1229 578.604 
1230 577.825 
1231 577.095 
1232 576.416 
1233 575.786 
1234 575.206 
1235 574.674 
1236 574.19 
1237 573.754 
1238 573.366 
1239 573.024 
1240 572.73 
1241 572.481 
1242 572.278 
1243 572.121 
1244 572.008 
1245 571.94 
1246 571.915 
1247 571.934 
1248 571.997 
1249 572.102 
1250 572.249 
1251 572.437 
1252 572.667 
1253 572.938 
1254 573.249 
1255 573.6 
1256 573.99 
1257 574.419 
1258 574.886 
1259 575.391 
1260 575.933 
1261 576.512 
1262 577.127 
1263 577.778 
1264 578.465 
1265 579.186 
1266 579.941 
1267 580.73 
1268 581.552 
1269 582.407 
1270 583.293 
1271 584.211 
1272 585.161 
1273 586.14 
1274 587.15 
1275 588.188 
1276 589.256 
1277 590.351 
1278 591.474 
1279 592.624 
1280 593.8 
1281 595.003 
1282 596.23 
1283 597.482 
1284 598.758 
1285 600.057 
1286 601.379 
1287 602.724 
1288 604.09 
1289 605.476 
1290 606.883 
1291 608.31 
1292 609.756 
1293 611.22 
1294 612.702 
1295 614.201 
1296 615.716 
1297 617.248 
1298 618.794 
1299 620.355 
1300 621.929 
1301 623.517 
1302 625.117 
1303 626.728 
1304 628.351 
1305 629.984 
1306 631.627 
1307 633.279 
1308 634.939 
1309 636.606 
1310 638.281 
1311 639.961 
1312 641.647 
1313 643.337 
1314 645.032 
1315 646.729 
1316 648.429 
1317 650.131 
1318 651.833 
1319 653.536 
1320 655.238 
1321 656.938 
1322 658.637 
1323 660.333 
1324 662.025 
1325 663.712 
1326 665.394 
1327 667.071 
1328 668.74 
1329 670.401 
1330 672.055 
1331 673.699 
1332 675.332 
1333 676.955 
1334 678.566 
1335 680.165 
1336 681.75 
1337 683.321 
1338 684.877 
1339 686.417 
1340 687.94 
1341 689.445 
1342 690.932 
1343 692.4 
1344 693.847 
1345 695.273 
1346 696.677 
1347 698.059 
1348 699.416 
1349 700.749 
1350 702.056 
1351 703.336 
1352 704.59 
1353 705.814 
1354 707.01 
1355 708.175 
1356 709.31 
1357 710.412 
1358 711.481 
1359 712.516 
1360 713.516 
1361 714.481 
1362 715.409 
1363 716.299 
1364 717.15 
1365 717.961 
1366 718.732 
1367 719.461 
1368 720.147 
1369 720.79 
1370 721.388 
1371 721.94 
1372 722.446 
1373 722.904 
1374 723.313 
1375 723.672 
1376 723.981 
1377 724.238 
1378 724.442 
1379 724.592 
1380 724.687 
1381 724.726 
1382 724.708 
1383 724.632 
1384 724.497 
1385 724.301 
1386 724.044 
1387 723.725 
1388 723.342 
1389 722.894 
1390 722.38 
1391 721.8 
1392 721.152 
1393 720.435 
1394 719.647 
1395 718.788 
1396 717.857 
1397 716.852 
1398 715.772 
1399 714.616 
1400 713.384 
1401 712.073 
1402 710.686 
1403 709.223 
1404 707.685 
1405 706.075 
1406 704.393 
1407 702.641 
1408 700.819 
1409 698.93 
1410 696.975 
1411 694.955 
1412 692.871 
1413 690.725 
1414 688.519 
1415 686.253 
1416 683.929 
1417 681.549 
1418 679.114 
1419 676.625 
1420 674.084 
1421 671.492 
1422 668.851 
1423 666.163 
1424 663.428 
1425 660.648 
1426 657.825 
1427 654.961 
1428 652.056 
1429 649.113 
1430 646.132 
1431 643.116 
1432 640.066 
1433 636.983 
1434 633.87 
1435 630.727 
1436 627.557 
1437 624.36 
1438 621.139 
1439 617.896 
1440 614.631 
1441 611.346 
1442 608.044 
1443 604.726 
1444 601.393 
1445 598.047 
1446 594.69 
1447 591.323 
1448 587.949 
1449 584.569 
1450 581.184 
1451 577.797 
1452 574.408 
1453 571.017 
1454 567.627 
1455 564.236 
1456 560.846 
1457 557.457 
1458 554.071 
1459 550.687 
1460 547.307 
1461 543.931 
1462 540.56 
1463 537.195 
1464 533.836 
1465 530.484 
1466 527.14 
1467 523.804 
1468 520.477 
1469 517.161 
1470 513.855 
1471 510.56 
1472 507.277 
1473 504.008 
1474 500.751 
1475 497.51 
1476 494.283 
1477 491.072 
1478 487.877 
1479 484.7 
1480 481.541 
1481 478.401 
1482 475.281 
1483 472.18 
1484 469.101 
1485 466.044 
1486 463.01 
1487 460 
1488 457.013 
1489 454.052 
1490 451.117 
1491 448.208 
1492 445.327 
1493 442.475 
1494 439.651 
1495 436.858 
1496 434.095 
1497 431.364 
1498 428.666 
1499 426.001 
1500 423.369 
1501 420.773 
1502 418.212 
1503 415.687 
1504 413.196 
1505 410.741 
1506 408.322 
1507 405.938 
1508 403.591 
1509 401.279 
1510 399.004 
1511 396.764 
1512 394.562 
1513 392.395 
1514 390.265 
1515 388.172 
1516 386.116 
1517 384.097 
1518 382.115 
1519 380.171 
1520 378.264 
1521 376.394 
1522 374.562 
1523 372.768 
1524 371.011 
1525 369.293 
1526 367.613 
1527 365.971 
1528 364.367 
1529 362.802 
1530 361.276 
1531 359.788 
1532 358.34 
1533 356.93 
1534 355.56 
1535 354.228 
1536 352.937 
1537 351.685 
1538 350.472 
1539 349.299 
1540 348.167 
1541 347.074 
1542 346.021 
1543 345.009 
1544 344.037 
1545 343.106 
1546 342.216 
1547 341.366 
1548 340.557 
1549 339.79 
1550 339.063 
1551 338.378 
1552 337.733 
1553 337.129 
1554 336.565 
1555 336.04 
1556 335.554 
1557 335.106 
1558 334.696 
1559 334.323 
1560 333.988 
1561 333.688 
1562 333.424 
1563 333.195 
1564 333.001 
1565 332.841 
1566 332.715 
1567 332.621 
1568 332.561 
1569 332.532 
1570 332.534 
1571 332.568 
1572 332.632 
1573 332.725 
1574 332.848 
1575 332.999 
1576 333.178 
1577 333.385 
1578 333.618 
1579 333.878 
1580 334.164 
1581 334.475 
1582 334.81 
1583 335.169 
1584 335.552 
1585 335.957 
1586 336.385 
1587 336.834 
1588 337.304 
1589 337.794 
1590 338.304 
1591 338.833 
1592 339.38 
1593 339.945 
1594 340.528 
1595 341.127 
1596 341.742 
1597 342.372 
1598 343.017 
1599 343.676 
1600 344.348 
1601 345.033 
1602 345.73 
1603 346.438 
1604 347.158 
1605 347.888 
1606 348.629 
1607 349.379 
1608 350.138 
1609 350.905 
1610 351.68 
1611 352.463 
1612 353.253 
1613 354.049 
1614 354.851 
1615 355.658 
1616 356.469 
1617 357.285 
1618 358.104 
1619 358.927 
1620 359.751 
1621 360.578 
1622 361.406 
1623 362.234 
1624 363.063 
1625 363.891 
1626 364.719 
1627 365.545 
1628 366.368 
1629 367.189 
1630 368.006 
1631 368.82 
1632 369.628 
1633 370.432 
1634 371.23 
1635 372.022 
1636 372.806 
1637 373.583 
1638 374.352 
1639 375.112 
1640 375.862 
1641 376.603 
1642 377.333 
1643 378.051 
1644 378.757 
1645 379.451 
1646 380.132 
1647 380.799 
1648 381.451 
1649 382.088 
1650 382.709 
1651 383.314 
1652 383.902 
1653 384.473 
1654 385.027 
1655 385.563 
1656 386.082 
1657 386.583 
1658 387.066 
1659 387.53 
1660 387.976 
1661 388.402 
1662 388.81 
1663 389.198 
1664 389.566 
1665 389.914 
1666 390.243 
1667 390.55 
1668 390.837 
1669 391.103 
1670 391.348 
1671 391.572 
1672 391.773 
1673 391.953 
1674 392.11 
1675 392.245 
1676 392.357 
1677 392.446 
1678 392.512 
1679 392.554 
1680 392.572 
1681 392.567 
1682 392.536 
1683 392.481 
1684 392.401 
1685 392.296 
1686 392.166 
1687 392.009 
1688 391.827 
1689 391.618 
1690 391.383 
1691 391.121 
1692 390.831 
1693 390.515 
1694 390.17 
1695 389.798 
1696 389.397 
1697 388.968 
1698 388.51 
1699 388.022 
1700 387.506 
1701 386.959 
1702 386.384 
1703 385.779 
1704 385.146 
1705 384.484 
1706 383.795 
1707 383.078 
1708 382.334 
1709 381.564 
1710 380.767 
1711 379.944 
1712 379.096 
1713 378.223 
1714 377.325 
1715 376.403 
1716 375.456 
1717 374.487 
1718 373.494 
1719 372.478 
1720 371.44 
1721 370.38 
1722 369.299 
1723 368.197 
1724 367.074 
1725 365.931 
1726 364.768 
1727 363.586 
1728 362.385 
1729 361.165 
1730 359.928 
1731 358.672 
1732 357.4 
1733 356.111 
1734 354.805 
1735 353.483 
1736 352.147 
1737 350.795 
1738 349.428 
1739 348.048 
1740 346.654 
1741 345.247 
1742 343.827 
1743 342.394 
1744 340.95 
1745 339.495 
1746 338.029 
1747 336.552 
1748 335.066 
1749 333.57 
1750 332.065 
1751 330.552 
1752 329.03 
1753 327.501 
1754 325.965 
1755 324.422 
1756 322.873 
1757 321.319 
1758 319.759 
1759 318.194 
1760 316.625 
1761 315.051 
1762 313.475 
1763 311.895 
1764 310.314 
1765 308.73 
1766 307.144 
1767 305.558 
1768 303.971 
1769 302.384 
1770 300.797 
1771 299.211 
1772 297.627 
1773 296.045 
1774 294.465 
1775 292.888 
1776 291.314 
1777 289.744 
1778 288.179 
1779 286.619 
1780 285.064 
1781 283.515 
1782 281.972 
1783 280.436 
1784 278.908 
1785 277.388 
1786 275.877 
1787 274.374 
1788 272.881 
1789 271.399 
1790 269.927 
1791 268.466 
1792 267.017 
1793 265.58 
1794 264.156 
1795 262.745 
1796 261.348 
1797 259.966 
1798 258.599 
1799 257.247 
1800 255.911 
1801 254.592 
1802 253.29 
1803 252.004 
1804 250.735 
1805 249.484 
1806 248.249 
1807 247.031 
1808 245.83 
1809 244.646 
1810 243.48 
1811 242.33 
1812 241.198 
1813 240.083 
1814 238.986 
1815 237.906 
1816 236.844 
1817 235.799 
1818 234.772 
1819 233.762 
1820 232.77 
1821 231.796 
1822 230.84 
1823 229.902 
1824 228.981 
1825 228.079 
1826 227.194 
1827 226.328 
1828 225.48 
1829 224.65 
1830 223.839 
1831 223.046 
1832 222.271 
1833 221.514 
1834 220.777 
1835 220.057 
1836 219.357 
1837 218.675 
1838 218.012 
1839 217.367 
1840 216.741 
1841 216.135 
1842 215.547 
1843 214.978 
1844 214.429 
1845 213.898 
1846 213.387 
1847 212.895 
1848 212.422 
1849 211.969 
1850 211.535 
1851 211.12 
1852 210.725 
1853 210.349 
1854 209.991 
1855 209.653 
1856 209.333 
1857 209.031 
1858 208.748 
1859 208.482 
1860 208.235 
1861 208.004 
1862 207.792 
1863 207.596 
1864 207.418 
1865 207.256 
1866 207.111 
1867 206.982 
1868 206.869 
1869 206.773 
1870 206.692 
1871 206.627 
1872 206.577 
1873 206.543 
1874 206.523 
1875 206.518 
1876 206.528 
1877 206.552 
1878 206.59 
1879 206.643 
1880 206.709 
1881 206.788 
1882 206.881 
1883 206.987 
1884 207.105 
1885 207.236 
1886 207.38 
1887 207.536 
1888 207.704 
1889 207.884 
1890 208.075 
1891 208.277 
1892 208.491 
1893 208.715 
1894 208.95 
1895 209.196 
1896 209.451 
1897 209.717 
1898 209.992 
1899 210.277 
1900 210.571 
1901 210.874 
1902 211.186 
1903 211.506 
1904 211.834 
1905 212.169 
1906 212.512 
1907 212.862 
1908 213.218 
1909 213.58 
1910 213.948 
1911 214.322 
1912 214.701 
1913 215.085 
1914 215.473 
1915 215.865 
1916 216.261 
1917 216.66 
1918 217.061 
1919 217.466 
1920 217.873 
1921 218.281 
1922 218.691 
1923 219.102 
1924 219.513 
1925 219.925 
1926 220.337 
1927 220.748 
1928 221.158 
1929 221.568 
1930 221.975 
1931 222.38 
1932 222.783 
1933 223.183 
1934 223.58 
1935 223.974 
1936 224.363 
1937 224.748 
1938 225.128 
1939 225.503 
1940 225.872 
1941 226.235 
1942 226.591 
1943 226.941 
1944 227.284 
1945 227.618 
1946 227.945 
1947 228.263 
1948 228.573 
1949 228.872 
1950 229.163 
1951 229.443 
1952 229.712 
1953 229.973 
1954 230.223 
1955 230.464 
1956 230.696 
1957 230.918 
1958 231.132 
1959 231.336 
1960 231.533 
1961 231.72 
1962 231.9 
1963 232.071 
1964 232.235 
1965 232.391 
1966 232.54 
1967 232.681 
1968 232.815 
1969 232.943 
1970 233.063 
1971 233.177 
1972 233.285 
1973 233.387 
1974 233.483 
1975 233.573 
1976 233.657 
1977 233.736 
1978 233.81 
1979 233.88 
1980 233.944 
1981 234.004 
1982 234.059 
1983 234.111 
1984 234.158 
1985 234.202 
1986 234.242 
1987 234.279 
1988 234.313 
1989 234.343 
1990 234.372 
1991 234.397 
1992 234.421 
1993 234.442 
1994 234.462 
1995 234.48 
1996 234.497 
1997 234.512 
1998 234.526 
1999 234.54 
2000 234.553 
