2 967.198 
3 917.49 
4 871.958 
5 837.555 
6 814.201 
7 798.895 
8 788.667 
9 779.217 
10 779.1 
11 799.692 
12 832.266 
13 854.028 
14 862.223 
15 863.848 
16 867.749 
17 877.391 
18 893.371 
19 914.54 
20 937.64 
21 958.333 
22 976.1 
23 991.705 
24 1006.04 
25 1020.13 
26 1034.96 
27 1050.87 
28 1067.84 
29 1085.64 
30 1103.78 
31 1121.68 
32 1139.34 
33 1156.93 
34 1174.57 
35 1192.37 
36 1210.35 
37 1228.5 
38 1246.76 
39 1264.97 
40 1282.93 
41 1300.42 
42 1317.45 
43 1334.13 
44 1350.53 
45 1366.73 
46 1382.81 
47 1398.84 
48 1414.87 
49 1430.94 
50 1447.1 
51 1463.38 
52 1479.82 
53 1496.46 
54 1513.34 
55 1530.47 
56 1547.87 
57 1565.53 
58 1583.45 
59 1601.58 
60 1619.89 
61 1638.33 
62 1656.93 
63 1675.7 
64 1694.67 
65 1713.85 
66 1733.27 
67 1752.92 
68 1772.81 
69 1792.93 
70 1813.28 
71 1833.85 
72 1854.65 
73 1875.7 
74 1897.01 
75 1918.6 
76 1940.48 
77 1962.66 
78 1985.14 
79 2007.91 
80 2030.99 
81 2054.35 
82 2077.99 
83 2101.9 
84 2126.06 
85 2150.43 
86 2175 
87 2199.74 
88 2224.59 
89 2249.52 
90 2274.49 
91 2299.45 
92 2324.5 
93 2349.73 
94 2375.28 
95 2401.26 
96 2427.82 
97 2455.09 
98 2483.24 
99 2512.42 
100 2542.82 
101 2574.57 
102 2607.69 
103 2642.12 
104 2677.83 
105 2714.76 
106 2752.84 
107 2792 
108 2832.17 
109 2873.25 
110 2915.14 
111 2957.73 
112 3000.91 
113 3044.56 
114 3088.52 
115 3132.66 
116 3176.82 
117 3220.82 
118 3264.49 
119 3307.63 
120 3350.05 
121 3391.56 
122 3432.15 
123 3471.83 
124 3510.64 
125 3548.59 
126 3585.72 
127 3622.07 
128 3657.67 
129 3692.58 
130 3726.83 
131 3760.49 
132 3793.61 
133 3826.26 
134 3858.5 
135 3890.4 
136 3922.05 
137 3953.52 
138 3984.91 
139 4016.3 
140 4047.8 
141 4079.49 
142 4111.36 
143 4143.41 
144 4175.59 
145 4207.88 
146 4240.27 
147 4272.7 
148 4305.17 
149 4337.62 
150 4370.02 
151 4402.34 
152 4434.54 
153 4466.57 
154 4498.39 
155 4529.96 
156 4561.22 
157 4592.12 
158 4622.62 
159 4652.65 
160 4682.15 
161 4711.09 
162 4739.44 
163 4767.19 
164 4794.36 
165 4820.92 
166 4846.88 
167 4872.23 
168 4896.97 
169 4921.1 
170 4944.62 
171 4967.53 
172 4989.82 
173 5011.5 
174 5032.56 
175 5053 
176 5072.84 
177 5092.06 
178 5110.67 
179 5128.67 
180 5146.07 
181 5162.87 
182 5179.06 
183 5194.63 
184 5209.58 
185 5223.89 
186 5237.56 
187 5250.58 
188 5262.95 
189 5274.65 
190 5285.67 
191 5296.01 
192 5305.66 
193 5314.62 
194 5322.86 
195 5330.39 
196 5337.2 
197 5343.27 
198 5348.6 
199 5353.19 
200 5357.02 
201 5360.08 
202 5362.39 
203 5363.92 
204 5364.69 
205 5364.69 
206 5363.93 
207 5362.4 
208 5360.11 
209 5357.06 
210 5353.24 
211 5348.67 
212 5343.34 
213 5337.26 
214 5330.43 
215 5322.85 
216 5314.53 
217 5305.46 
218 5295.67 
219 5285.14 
220 5273.89 
221 5261.92 
222 5249.23 
223 5235.84 
224 5221.74 
225 5206.96 
226 5191.48 
227 5175.33 
228 5158.5 
229 5141 
230 5122.84 
231 5104.03 
232 5084.58 
233 5064.48 
234 5043.76 
235 5022.42 
236 5000.46 
237 4977.9 
238 4954.75 
239 4931.02 
240 4906.72 
241 4881.85 
242 4856.44 
243 4830.48 
244 4804 
245 4777.01 
246 4749.52 
247 4721.53 
248 4693.08 
249 4664.16 
250 4634.8 
251 4605 
252 4574.78 
253 4544.15 
254 4513.11 
255 4481.67 
256 4449.85 
257 4417.65 
258 4385.09 
259 4352.17 
260 4318.9 
261 4285.29 
262 4251.36 
263 4217.12 
264 4182.57 
265 4147.73 
266 4112.61 
267 4077.22 
268 4041.58 
269 4005.69 
270 3969.56 
271 3933.22 
272 3896.67 
273 3859.93 
274 3823.01 
275 3785.92 
276 3748.67 
277 3711.3 
278 3673.81 
279 3636.24 
280 3598.59 
281 3560.9 
282 3523.18 
283 3485.46 
284 3447.76 
285 3410.1 
286 3372.52 
287 3335.03 
288 3297.66 
289 3260.43 
290 3223.38 
291 3186.52 
292 3149.88 
293 3113.5 
294 3077.4 
295 3041.6 
296 3006.14 
297 2971.04 
298 2936.33 
299 2902.06 
300 2868.23 
301 2834.89 
302 2802.04 
303 2769.68 
304 2737.82 
305 2706.47 
306 2675.63 
307 2645.29 
308 2615.47 
309 2586.17 
310 2557.38 
311 2529.12 
312 2501.39 
313 2474.18 
314 2447.5 
315 2421.35 
316 2395.74 
317 2370.65 
318 2346.1 
319 2322.09 
320 2298.61 
321 2275.66 
322 2253.25 
323 2231.37 
324 2210.02 
325 2189.2 
326 2168.92 
327 2149.16 
328 2129.92 
329 2111.21 
330 2093.02 
331 2075.34 
332 2058.18 
333 2041.53 
334 2025.38 
335 2009.74 
336 1994.59 
337 1979.93 
338 1965.76 
339 1952.07 
340 1938.85 
341 1926.1 
342 1913.81 
343 1901.97 
344 1890.58 
345 1879.63 
346 1869.11 
347 1859.01 
348 1849.32 
349 1840.04 
350 1831.15 
351 1822.65 
352 1814.52 
353 1806.79 
354 1799.44 
355 1792.48 
356 1785.9 
357 1779.71 
358 1773.91 
359 1768.5 
360 1763.47 
361 1758.84 
362 1754.59 
363 1750.72 
364 1747.25 
365 1744.15 
366 1741.45 
367 1739.12 
368 1737.18 
369 1735.62 
370 1734.44 
371 1733.64 
372 1733.21 
373 1733.16 
374 1733.48 
375 1734.17 
376 1735.23 
377 1736.66 
378 1738.45 
379 1740.59 
380 1743.1 
381 1745.96 
382 1749.16 
383 1752.72 
384 1756.62 
385 1760.86 
386 1765.43 
387 1770.34 
388 1775.58 
389 1781.13 
390 1787.01 
391 1793.2 
392 1799.7 
393 1806.5 
394 1813.6 
395 1820.99 
396 1828.67 
397 1836.63 
398 1844.87 
399 1853.37 
400 1862.14 
401 1871.16 
402 1880.44 
403 1889.96 
404 1899.71 
405 1909.7 
406 1919.91 
407 1930.34 
408 1940.98 
409 1951.82 
410 1962.86 
411 1974.09 
412 1985.5 
413 1997.09 
414 2008.84 
415 2020.74 
416 2032.8 
417 2045 
418 2057.32 
419 2069.77 
420 2082.33 
421 2095 
422 2107.76 
423 2120.61 
424 2133.53 
425 2146.51 
426 2159.55 
427 2172.63 
428 2185.75 
429 2198.89 
430 2212.03 
431 2225.18 
432 2238.32 
433 2251.43 
434 2264.51 
435 2277.53 
436 2290.5 
437 2303.4 
438 2316.21 
439 2328.92 
440 2341.52 
441 2353.99 
442 2366.32 
443 2378.51 
444 2390.52 
445 2402.35 
446 2413.99 
447 2425.42 
448 2436.62 
449 2447.58 
450 2458.29 
451 2468.72 
452 2478.88 
453 2488.77 
454 2498.39 
455 2507.74 
456 2516.81 
457 2525.6 
458 2534.12 
459 2542.37 
460 2550.35 
461 2558.04 
462 2565.47 
463 2572.62 
464 2579.49 
465 2586.09 
466 2592.41 
467 2598.46 
468 2604.24 
469 2609.74 
470 2614.97 
471 2619.93 
472 2624.61 
473 2629.03 
474 2633.17 
475 2637.03 
476 2640.63 
477 2643.96 
478 2647.02 
479 2649.81 
480 2652.34 
481 2654.6 
482 2656.59 
483 2658.32 
484 2659.78 
485 2660.99 
486 2661.93 
487 2662.61 
488 2663.03 
489 2663.2 
490 2663.11 
491 2662.76 
492 2662.17 
493 2661.32 
494 2660.22 
495 2658.87 
496 2657.28 
497 2655.44 
498 2653.36 
499 2651.04 
500 2648.48 
501 2645.68 
502 2642.65 
503 2639.39 
504 2635.91 
505 2632.21 
506 2628.3 
507 2624.17 
508 2619.85 
509 2615.32 
510 2610.6 
511 2605.69 
512 2600.6 
513 2595.33 
514 2589.88 
515 2584.28 
516 2578.51 
517 2572.58 
518 2566.51 
519 2560.29 
520 2553.94 
521 2547.45 
522 2540.85 
523 2534.12 
524 2527.29 
525 2520.35 
526 2513.31 
527 2506.18 
528 2498.97 
529 2491.68 
530 2484.33 
531 2476.91 
532 2469.44 
533 2461.93 
534 2454.37 
535 2446.79 
536 2439.18 
537 2431.55 
538 2423.93 
539 2416.3 
540 2408.68 
541 2401.08 
542 2393.51 
543 2385.98 
544 2378.49 
545 2371.05 
546 2363.68 
547 2356.38 
548 2349.16 
549 2342.04 
550 2335.01 
551 2328.1 
552 2321.29 
553 2314.61 
554 2308.04 
555 2301.6 
556 2295.29 
557 2289.1 
558 2283.05 
559 2277.14 
560 2271.37 
561 2265.74 
562 2260.26 
563 2254.92 
564 2249.75 
565 2244.73 
566 2239.87 
567 2235.17 
568 2230.65 
569 2226.29 
570 2222.12 
571 2218.12 
572 2214.3 
573 2210.67 
574 2207.23 
575 2203.99 
576 2200.95 
577 2198.1 
578 2195.47 
579 2193.04 
580 2190.82 
581 2188.83 
582 2187.06 
583 2185.51 
584 2184.19 
585 2183.11 
586 2182.26 
587 2181.66 
588 2181.3 
589 2181.19 
590 2181.34 
591 2181.75 
592 2182.42 
593 2183.36 
594 2184.57 
595 2186.05 
596 2187.82 
597 2189.87 
598 2192.22 
599 2194.85 
600 2197.79 
601 2201.03 
602 2204.57 
603 2208.4 
604 2212.53 
605 2216.95 
606 2221.65 
607 2226.64 
608 2231.91 
609 2237.46 
610 2243.28 
611 2249.37 
612 2255.73 
613 2262.34 
614 2269.22 
615 2276.34 
616 2283.72 
617 2291.34 
618 2299.2 
619 2307.3 
620 2315.64 
621 2324.19 
622 2332.98 
623 2341.98 
624 2351.19 
625 2360.62 
626 2370.25 
627 2380.07 
628 2390.09 
629 2400.3 
630 2410.7 
631 2421.27 
632 2432.01 
633 2442.93 
634 2454 
635 2465.23 
636 2476.61 
637 2488.14 
638 2499.81 
639 2511.6 
640 2523.53 
641 2535.58 
642 2547.74 
643 2560.01 
644 2572.38 
645 2584.84 
646 2597.4 
647 2610.04 
648 2622.75 
649 2635.53 
650 2648.38 
651 2661.28 
652 2674.23 
653 2687.22 
654 2700.26 
655 2713.33 
656 2726.44 
657 2739.57 
658 2752.73 
659 2765.9 
660 2779.08 
661 2792.27 
662 2805.46 
663 2818.65 
664 2831.84 
665 2845 
666 2858.15 
667 2871.28 
668 2884.37 
669 2897.43 
670 2910.45 
671 2923.43 
672 2936.35 
673 2949.21 
674 2962.01 
675 2974.74 
676 2987.4 
677 2999.97 
678 3012.46 
679 3024.85 
680 3037.14 
681 3049.33 
682 3061.4 
683 3073.36 
684 3085.19 
685 3096.88 
686 3108.44 
687 3119.86 
688 3131.12 
689 3142.23 
690 3153.17 
691 3163.94 
692 3174.52 
693 3184.93 
694 3195.14 
695 3205.14 
696 3214.95 
697 3224.53 
698 3233.9 
699 3243.03 
700 3251.93 
701 3260.58 
702 3268.99 
703 3277.14 
704 3285.04 
705 3292.69 
706 3300.08 
707 3307.21 
708 3314.07 
709 3320.67 
710 3327 
711 3333.05 
712 3338.84 
713 3344.34 
714 3349.56 
715 3354.5 
716 3359.16 
717 3363.52 
718 3367.6 
719 3371.38 
720 3374.86 
721 3378.04 
722 3380.92 
723 3383.49 
724 3385.75 
725 3387.71 
726 3389.34 
727 3390.66 
728 3391.66 
729 3392.33 
730 3392.68 
731 3392.69 
732 3392.38 
733 3391.72 
734 3390.73 
735 3389.4 
736 3387.72 
737 3385.69 
738 3383.32 
739 3380.58 
740 3377.49 
741 3374.04 
742 3370.23 
743 3366.05 
744 3361.49 
745 3356.57 
746 3351.27 
747 3345.58 
748 3339.52 
749 3333.07 
750 3326.23 
751 3319 
752 3311.38 
753 3303.38 
754 3295 
755 3286.25 
756 3277.13 
757 3267.66 
758 3257.82 
759 3247.64 
760 3237.12 
761 3226.26 
762 3215.07 
763 3203.55 
764 3191.71 
765 3179.57 
766 3167.11 
767 3154.35 
768 3141.3 
769 3127.97 
770 3114.35 
771 3100.46 
772 3086.3 
773 3071.88 
774 3057.21 
775 3042.29 
776 3027.13 
777 3011.74 
778 2996.13 
779 2980.3 
780 2964.26 
781 2948.01 
782 2931.57 
783 2914.95 
784 2898.15 
785 2881.17 
786 2864.03 
787 2846.74 
788 2829.3 
789 2811.72 
790 2794.01 
791 2776.18 
792 2758.24 
793 2740.19 
794 2722.04 
795 2703.81 
796 2685.49 
797 2667.11 
798 2648.67 
799 2630.18 
800 2611.64 
801 2593.07 
802 2574.47 
803 2555.85 
804 2537.21 
805 2518.56 
806 2499.9 
807 2481.23 
808 2462.56 
809 2443.9 
810 2425.25 
811 2406.62 
812 2388 
813 2369.42 
814 2350.86 
815 2332.34 
816 2313.86 
817 2295.43 
818 2277.05 
819 2258.73 
820 2240.48 
821 2222.29 
822 2204.18 
823 2186.14 
824 2168.2 
825 2150.34 
826 2132.58 
827 2114.93 
828 2097.38 
829 2079.95 
830 2062.64 
831 2045.46 
832 2028.41 
833 2011.5 
834 1994.73 
835 1978.12 
836 1961.66 
837 1945.37 
838 1929.25 
839 1913.3 
840 1897.54 
841 1881.97 
842 1866.59 
843 1851.42 
844 1836.45 
845 1821.7 
846 1807.18 
847 1792.88 
848 1778.82 
849 1765.01 
850 1751.44 
851 1738.13 
852 1725.08 
853 1712.28 
854 1699.75 
855 1687.47 
856 1675.45 
857 1663.68 
858 1652.18 
859 1640.93 
860 1629.95 
861 1619.22 
862 1608.75 
863 1598.54 
864 1588.59 
865 1578.89 
866 1569.46 
867 1560.28 
868 1551.36 
869 1542.71 
870 1534.31 
871 1526.16 
872 1518.28 
873 1510.66 
874 1503.29 
875 1496.18 
876 1489.33 
877 1482.74 
878 1476.4 
879 1470.33 
880 1464.51 
881 1458.94 
882 1453.64 
883 1448.59 
884 1443.79 
885 1439.26 
886 1434.97 
887 1430.95 
888 1427.18 
889 1423.66 
890 1420.4 
891 1417.39 
892 1414.63 
893 1412.13 
894 1409.88 
895 1407.89 
896 1406.14 
897 1404.65 
898 1403.41 
899 1402.42 
900 1401.68 
901 1401.18 
902 1400.94 
903 1400.93 
904 1401.16 
905 1401.63 
906 1402.33 
907 1403.25 
908 1404.39 
909 1405.75 
910 1407.32 
911 1409.1 
912 1411.09 
913 1413.27 
914 1415.66 
915 1418.23 
916 1420.99 
917 1423.93 
918 1427.05 
919 1430.34 
920 1433.8 
921 1437.42 
922 1441.2 
923 1445.13 
924 1449.22 
925 1453.44 
926 1457.81 
927 1462.31 
928 1466.93 
929 1471.69 
930 1476.55 
931 1481.54 
932 1486.63 
933 1491.82 
934 1497.11 
935 1502.49 
936 1507.95 
937 1513.5 
938 1519.12 
939 1524.81 
940 1530.57 
941 1536.38 
942 1542.24 
943 1548.15 
944 1554.1 
945 1560.09 
946 1566.1 
947 1572.13 
948 1578.18 
949 1584.24 
950 1590.31 
951 1596.37 
952 1602.43 
953 1608.47 
954 1614.51 
955 1620.53 
956 1626.53 
957 1632.51 
958 1638.47 
959 1644.4 
960 1650.29 
961 1656.16 
962 1661.98 
963 1667.76 
964 1673.5 
965 1679.19 
966 1684.83 
967 1690.42 
968 1695.94 
969 1701.41 
970 1706.8 
971 1712.13 
972 1717.39 
973 1722.57 
974 1727.67 
975 1732.68 
976 1737.61 
977 1742.45 
978 1747.2 
979 1751.84 
980 1756.38 
981 1760.82 
982 1765.14 
983 1769.36 
984 1773.45 
985 1777.42 
986 1781.27 
987 1784.98 
988 1788.57 
989 1792.01 
990 1795.31 
991 1798.47 
992 1801.48 
993 1804.33 
994 1807.02 
995 1809.55 
996 1811.91 
997 1814.1 
998 1816.12 
999 1817.96 
1000 1819.61 
1001 1821.07 
1002 1822.35 
1003 1823.43 
1004 1824.34 
1005 1825.06 
1006 1825.6 
1007 1825.96 
1008 1826.13 
1009 1826.13 
1010 1825.96 
1011 1825.6 
1012 1825.08 
1013 1824.38 
1014 1823.51 
1015 1822.47 
1016 1821.26 
1017 1819.89 
1018 1818.35 
1019 1816.65 
1020 1814.78 
1021 1812.76 
1022 1810.57 
1023 1808.23 
1024 1805.74 
1025 1803.09 
1026 1800.29 
1027 1797.34 
1028 1794.24 
1029 1790.99 
1030 1787.6 
1031 1784.07 
1032 1780.39 
1033 1776.57 
1034 1772.62 
1035 1768.53 
1036 1764.31 
1037 1759.95 
1038 1755.47 
1039 1750.85 
1040 1746.11 
1041 1741.24 
1042 1736.26 
1043 1731.15 
1044 1725.92 
1045 1720.58 
1046 1715.12 
1047 1709.55 
1048 1703.87 
1049 1698.08 
1050 1692.19 
1051 1686.19 
1052 1680.09 
1053 1673.89 
1054 1667.6 
1055 1661.22 
1056 1654.74 
1057 1648.19 
1058 1641.55 
1059 1634.83 
1060 1628.03 
1061 1621.16 
1062 1614.22 
1063 1607.22 
1064 1600.15 
1065 1593.02 
1066 1585.84 
1067 1578.6 
1068 1571.31 
1069 1563.98 
1070 1556.6 
1071 1549.18 
1072 1541.73 
1073 1534.25 
1074 1526.73 
1075 1519.19 
1076 1511.63 
1077 1504.05 
1078 1496.46 
1079 1488.85 
1080 1481.24 
1081 1473.63 
1082 1466.01 
1083 1458.4 
1084 1450.8 
1085 1443.21 
1086 1435.63 
1087 1428.08 
1088 1420.54 
1089 1413.04 
1090 1405.56 
1091 1398.13 
1092 1390.73 
1093 1383.37 
1094 1376.07 
1095 1368.81 
1096 1361.61 
1097 1354.47 
1098 1347.4 
1099 1340.39 
1100 1333.45 
1101 1326.6 
1102 1319.82 
1103 1313.12 
1104 1306.51 
1105 1299.98 
1106 1293.53 
1107 1287.18 
1108 1280.91 
1109 1274.74 
1110 1268.66 
1111 1262.68 
1112 1256.8 
1113 1251.02 
1114 1245.34 
1115 1239.76 
1116 1234.3 
1117 1228.94 
1118 1223.69 
1119 1218.56 
1120 1213.54 
1121 1208.63 
1122 1203.85 
1123 1199.19 
1124 1194.65 
1125 1190.24 
1126 1185.95 
1127 1181.8 
1128 1177.78 
1129 1173.89 
1130 1170.14 
1131 1166.52 
1132 1163.05 
1133 1159.73 
1134 1156.54 
1135 1153.51 
1136 1150.63 
1137 1147.9 
1138 1145.32 
1139 1142.9 
1140 1140.64 
1141 1138.55 
1142 1136.61 
1143 1134.85 
1144 1133.25 
1145 1131.82 
1146 1130.57 
1147 1129.49 
1148 1128.6 
1149 1127.88 
1150 1127.35 
1151 1127 
1152 1126.83 
1153 1126.84 
1154 1127.03 
1155 1127.38 
1156 1127.9 
1157 1128.57 
1158 1129.41 
1159 1130.39 
1160 1131.52 
1161 1132.79 
1162 1134.2 
1163 1135.74 
1164 1137.41 
1165 1139.2 
1166 1141.11 
1167 1143.13 
1168 1145.26 
1169 1147.49 
1170 1149.83 
1171 1152.25 
1172 1154.77 
1173 1157.37 
1174 1160.05 
1175 1162.8 
1176 1165.62 
1177 1168.5 
1178 1171.44 
1179 1174.44 
1180 1177.48 
1181 1180.56 
1182 1183.68 
1183 1186.83 
1184 1190.01 
1185 1193.21 
1186 1196.42 
1187 1199.65 
1188 1202.87 
1189 1206.1 
1190 1209.32 
1191 1212.52 
1192 1215.71 
1193 1218.87 
1194 1222 
1195 1225.1 
1196 1228.15 
1197 1231.16 
1198 1234.11 
1199 1237 
1200 1239.82 
1201 1242.58 
1202 1245.26 
1203 1247.87 
1204 1250.41 
1205 1252.88 
1206 1255.27 
1207 1257.6 
1208 1259.85 
1209 1262.04 
1210 1264.15 
1211 1266.19 
1212 1268.16 
1213 1270.07 
1214 1271.9 
1215 1273.66 
1216 1275.36 
1217 1276.98 
1218 1278.54 
1219 1280.02 
1220 1281.44 
1221 1282.79 
1222 1284.07 
1223 1285.29 
1224 1286.43 
1225 1287.51 
1226 1288.53 
1227 1289.47 
1228 1290.35 
1229 1291.16 
1230 1291.91 
1231 1292.59 
1232 1293.2 
1233 1293.75 
1234 1294.24 
1235 1294.65 
1236 1295.01 
1237 1295.3 
1238 1295.52 
1239 1295.69 
1240 1295.78 
1241 1295.82 
1242 1295.79 
1243 1295.7 
1244 1295.55 
1245 1295.33 
1246 1295.06 
1247 1294.72 
1248 1294.32 
1249 1293.86 
1250 1293.34 
1251 1292.76 
1252 1292.12 
1253 1291.41 
1254 1290.65 
1255 1289.84 
1256 1288.96 
1257 1288.02 
1258 1287.03 
1259 1285.98 
1260 1284.87 
1261 1283.7 
1262 1282.48 
1263 1281.2 
1264 1279.87 
1265 1278.48 
1266 1277.03 
1267 1275.53 
1268 1273.98 
1269 1272.37 
1270 1270.71 
1271 1269 
1272 1267.23 
1273 1265.41 
1274 1263.54 
1275 1261.61 
1276 1259.64 
1277 1257.61 
1278 1255.54 
1279 1253.41 
1280 1251.23 
1281 1249.01 
1282 1246.73 
1283 1244.41 
1284 1242.04 
1285 1239.62 
1286 1237.16 
1287 1234.65 
1288 1232.09 
1289 1229.48 
1290 1226.84 
1291 1224.14 
1292 1221.4 
1293 1218.62 
1294 1215.8 
1295 1212.93 
1296 1210.02 
1297 1207.06 
1298 1204.07 
1299 1201.03 
1300 1197.96 
1301 1194.84 
1302 1191.68 
1303 1188.49 
1304 1185.26 
1305 1181.98 
1306 1178.67 
1307 1175.33 
1308 1171.95 
1309 1168.53 
1310 1165.07 
1311 1161.58 
1312 1158.06 
1313 1154.5 
1314 1150.91 
1315 1147.28 
1316 1143.63 
1317 1139.94 
1318 1136.22 
1319 1132.47 
1320 1128.69 
1321 1124.88 
1322 1121.04 
1323 1117.17 
1324 1113.28 
1325 1109.36 
1326 1105.41 
1327 1101.43 
1328 1097.43 
1329 1093.41 
1330 1089.36 
1331 1085.29 
1332 1081.19 
1333 1077.07 
1334 1072.93 
1335 1068.77 
1336 1064.59 
1337 1060.39 
1338 1056.17 
1339 1051.93 
1340 1047.67 
1341 1043.39 
1342 1039.1 
1343 1034.79 
1344 1030.47 
1345 1026.13 
1346 1021.78 
1347 1017.41 
1348 1013.04 
1349 1008.65 
1350 1004.24 
1351 999.832 
1352 995.409 
1353 990.977 
1354 986.536 
1355 982.088 
1356 977.632 
1357 973.17 
1358 968.702 
1359 964.229 
1360 959.751 
1361 955.27 
1362 950.786 
1363 946.3 
1364 941.812 
1365 937.323 
1366 932.835 
1367 928.347 
1368 923.861 
1369 919.378 
1370 914.897 
1371 910.42 
1372 905.948 
1373 901.481 
1374 897.02 
1375 892.567 
1376 888.121 
1377 883.683 
1378 879.255 
1379 874.837 
1380 870.43 
1381 866.034 
1382 861.652 
1383 857.282 
1384 852.927 
1385 848.587 
1386 844.262 
1387 839.955 
1388 835.665 
1389 831.393 
1390 827.14 
1391 822.908 
1392 818.696 
1393 814.507 
1394 810.339 
1395 806.196 
1396 802.077 
1397 797.983 
1398 793.915 
1399 789.875 
1400 785.862 
1401 781.878 
1402 777.925 
1403 774.003 
1404 770.114 
1405 766.259 
1406 762.44 
1407 758.659 
1408 754.916 
1409 751.213 
1410 747.551 
1411 743.933 
1412 740.359 
1413 736.83 
1414 733.349 
1415 729.917 
1416 726.535 
1417 723.204 
1418 719.927 
1419 716.704 
1420 713.538 
1421 710.429 
1422 707.38 
1423 704.391 
1424 701.465 
1425 698.602 
1426 695.805 
1427 693.075 
1428 690.413 
1429 687.821 
1430 685.301 
1431 682.854 
1432 680.482 
1433 678.186 
1434 675.969 
1435 673.831 
1436 671.774 
1437 669.801 
1438 667.911 
1439 666.108 
1440 664.393 
1441 662.768 
1442 661.233 
1443 659.791 
1444 658.444 
1445 657.194 
1446 656.041 
1447 654.987 
1448 654.035 
1449 653.187 
1450 652.443 
1451 651.805 
1452 651.271 
1453 650.84 
1454 650.51 
1455 650.279 
1456 650.144 
1457 650.104 
1458 650.157 
1459 650.301 
1460 650.533 
1461 650.852 
1462 651.255 
1463 651.741 
1464 652.308 
1465 652.952 
1466 653.673 
1467 654.468 
1468 655.334 
1469 656.271 
1470 657.275 
1471 658.345 
1472 659.477 
1473 660.671 
1474 661.924 
1475 663.233 
1476 664.596 
1477 666.012 
1478 667.477 
1479 668.99 
1480 670.548 
1481 672.149 
1482 673.791 
1483 675.47 
1484 677.186 
1485 678.936 
1486 680.716 
1487 682.525 
1488 684.361 
1489 686.221 
1490 688.102 
1491 690.002 
1492 691.919 
1493 693.85 
1494 695.793 
1495 697.745 
1496 699.704 
1497 701.666 
1498 703.631 
1499 705.594 
1500 707.555 
1501 709.509 
1502 711.456 
1503 713.395 
1504 715.324 
1505 717.242 
1506 719.149 
1507 721.043 
1508 722.922 
1509 724.786 
1510 726.634 
1511 728.464 
1512 730.275 
1513 732.065 
1514 733.834 
1515 735.581 
1516 737.304 
1517 739.002 
1518 740.673 
1519 742.317 
1520 743.932 
1521 745.517 
1522 747.071 
1523 748.592 
1524 750.079 
1525 751.531 
1526 752.947 
1527 754.325 
1528 755.664 
1529 756.962 
1530 758.219 
1531 759.433 
1532 760.602 
1533 761.726 
1534 762.803 
1535 763.832 
1536 764.811 
1537 765.738 
1538 766.614 
1539 767.436 
1540 768.202 
1541 768.912 
1542 769.564 
1543 770.157 
1544 770.689 
1545 771.159 
1546 771.566 
1547 771.907 
1548 772.182 
1549 772.39 
1550 772.528 
1551 772.595 
1552 772.593 
1553 772.52 
1554 772.379 
1555 772.168 
1556 771.889 
1557 771.543 
1558 771.129 
1559 770.648 
1560 770.101 
1561 769.488 
1562 768.809 
1563 768.066 
1564 767.258 
1565 766.387 
1566 765.452 
1567 764.454 
1568 763.394 
1569 762.273 
1570 761.09 
1571 759.846 
1572 758.542 
1573 757.179 
1574 755.757 
1575 754.276 
1576 752.737 
1577 751.141 
1578 749.488 
1579 747.778 
1580 746.013 
1581 744.193 
1582 742.318 
1583 740.389 
1584 738.407 
1585 736.372 
1586 734.285 
1587 732.146 
1588 729.956 
1589 727.715 
1590 725.425 
1591 723.085 
1592 720.697 
1593 718.261 
1594 715.777 
1595 713.247 
1596 710.671 
1597 708.049 
1598 705.382 
1599 702.67 
1600 699.916 
1601 697.118 
1602 694.279 
1603 691.4 
1604 688.481 
1605 685.526 
1606 682.535 
1607 679.509 
1608 676.45 
1609 673.36 
1610 670.24 
1611 667.091 
1612 663.914 
1613 660.713 
1614 657.487 
1615 654.238 
1616 650.968 
1617 647.679 
1618 644.372 
1619 641.048 
1620 637.708 
1621 634.356 
1622 630.991 
1623 627.616 
1624 624.233 
1625 620.842 
1626 617.445 
1627 614.045 
1628 610.642 
1629 607.238 
1630 603.834 
1631 600.434 
1632 597.037 
1633 593.646 
1634 590.262 
1635 586.888 
1636 583.523 
1637 580.172 
1638 576.834 
1639 573.512 
1640 570.207 
1641 566.921 
1642 563.657 
1643 560.414 
1644 557.196 
1645 554.004 
1646 550.84 
1647 547.705 
1648 544.601 
1649 541.53 
1650 538.494 
1651 535.495 
1652 532.532 
1653 529.606 
1654 526.718 
1655 523.867 
1656 521.054 
1657 518.279 
1658 515.542 
1659 512.844 
1660 510.184 
1661 507.564 
1662 504.982 
1663 502.441 
1664 499.939 
1665 497.477 
1666 495.055 
1667 492.674 
1668 490.334 
1669 488.035 
1670 485.777 
1671 483.56 
1672 481.386 
1673 479.253 
1674 477.163 
1675 475.116 
1676 473.111 
1677 471.149 
1678 469.231 
1679 467.356 
1680 465.525 
1681 463.739 
1682 461.996 
1683 460.299 
1684 458.646 
1685 457.039 
1686 455.477 
1687 453.961 
1688 452.49 
1689 451.066 
1690 449.689 
1691 448.358 
1692 447.075 
1693 445.838 
1694 444.65 
1695 443.509 
1696 442.416 
1697 441.372 
1698 440.377 
1699 439.43 
1700 438.533 
1701 437.685 
1702 436.886 
1703 436.135 
1704 435.433 
1705 434.777 
1706 434.168 
1707 433.606 
1708 433.089 
1709 432.617 
1710 432.189 
1711 431.805 
1712 431.465 
1713 431.167 
1714 430.911 
1715 430.696 
1716 430.523 
1717 430.39 
1718 430.296 
1719 430.241 
1720 430.225 
1721 430.246 
1722 430.305 
1723 430.4 
1724 430.531 
1725 430.698 
1726 430.899 
1727 431.134 
1728 431.402 
1729 431.703 
1730 432.037 
1731 432.401 
1732 432.797 
1733 433.222 
1734 433.677 
1735 434.161 
1736 434.673 
1737 435.212 
1738 435.778 
1739 436.371 
1740 436.988 
1741 437.63 
1742 438.297 
1743 438.987 
1744 439.699 
1745 440.433 
1746 441.189 
1747 441.965 
1748 442.761 
1749 443.576 
1750 444.409 
1751 445.26 
1752 446.128 
1753 447.012 
1754 447.912 
1755 448.826 
1756 449.755 
1757 450.696 
1758 451.649 
1759 452.615 
1760 453.591 
1761 454.577 
1762 455.572 
1763 456.576 
1764 457.587 
1765 458.606 
1766 459.63 
1767 460.66 
1768 461.694 
1769 462.731 
1770 463.772 
1771 464.814 
1772 465.858 
1773 466.902 
1774 467.946 
1775 468.988 
1776 470.028 
1777 471.066 
1778 472.099 
1779 473.128 
1780 474.151 
1781 475.168 
1782 476.177 
1783 477.179 
1784 478.171 
1785 479.154 
1786 480.126 
1787 481.086 
1788 482.034 
1789 482.969 
1790 483.889 
1791 484.794 
1792 485.683 
1793 486.555 
1794 487.41 
1795 488.245 
1796 489.061 
1797 489.856 
1798 490.63 
1799 491.381 
1800 492.109 
1801 492.813 
1802 493.492 
1803 494.146 
1804 494.775 
1805 495.378 
1806 495.955 
1807 496.505 
1808 497.028 
1809 497.524 
1810 497.993 
1811 498.433 
1812 498.845 
1813 499.228 
1814 499.582 
1815 499.906 
1816 500.2 
1817 500.464 
1818 500.697 
1819 500.899 
1820 501.07 
1821 501.208 
1822 501.314 
1823 501.388 
1824 501.428 
1825 501.434 
1826 501.407 
1827 501.345 
1828 501.249 
1829 501.117 
1830 500.95 
1831 500.747 
1832 500.507 
1833 500.231 
1834 499.917 
1835 499.566 
1836 499.176 
1837 498.748 
1838 498.282 
1839 497.775 
1840 497.229 
1841 496.643 
1842 496.017 
1843 495.349 
1844 494.64 
1845 493.889 
1846 493.095 
1847 492.259 
1848 491.38 
1849 490.457 
1850 489.49 
1851 488.478 
1852 487.423 
1853 486.324 
1854 485.183 
1855 483.999 
1856 482.773 
1857 481.506 
1858 480.198 
1859 478.851 
1860 477.463 
1861 476.037 
1862 474.573 
1863 473.07 
1864 471.531 
1865 469.954 
1866 468.342 
1867 466.694 
1868 465.011 
1869 463.294 
1870 461.543 
1871 459.759 
1872 457.942 
1873 456.094 
1874 454.214 
1875 452.304 
1876 450.363 
1877 448.393 
1878 446.394 
1879 444.366 
1880 442.311 
1881 440.229 
1882 438.121 
1883 435.987 
1884 433.828 
1885 431.644 
1886 429.436 
1887 427.205 
1888 424.952 
1889 422.676 
1890 420.38 
1891 418.063 
1892 415.725 
1893 413.369 
1894 410.994 
1895 408.6 
1896 406.19 
1897 403.763 
1898 401.32 
1899 398.861 
1900 396.388 
1901 393.902 
1902 391.402 
1903 388.89 
1904 386.368 
1905 383.836 
1906 381.294 
1907 378.746 
1908 376.19 
1909 373.629 
1910 371.063 
1911 368.494 
1912 365.922 
1913 363.348 
1914 360.775 
1915 358.202 
1916 355.631 
1917 353.063 
1918 350.498 
1919 347.939 
1920 345.386 
1921 342.84 
1922 340.303 
1923 337.775 
1924 335.258 
1925 332.752 
1926 330.26 
1927 327.781 
1928 325.317 
1929 322.87 
1930 320.44 
1931 318.029 
1932 315.637 
1933 313.266 
1934 310.917 
1935 308.591 
1936 306.29 
1937 304.014 
1938 301.765 
1939 299.543 
1940 297.351 
1941 295.189 
1942 293.059 
1943 290.961 
1944 288.897 
1945 286.868 
1946 284.875 
1947 282.92 
1948 281.003 
1949 279.127 
1950 277.292 
1951 275.499 
1952 273.747 
1953 272.036 
1954 270.366 
1955 268.734 
1956 267.142 
1957 265.586 
1958 264.068 
1959 262.585 
1960 261.138 
1961 259.725 
1962 258.345 
1963 256.998 
1964 255.683 
1965 254.399 
1966 253.145 
1967 251.921 
1968 250.725 
1969 249.556 
1970 248.414 
1971 247.298 
1972 246.207 
1973 245.14 
1974 244.097 
1975 243.076 
1976 242.076 
1977 241.097 
1978 240.137 
1979 239.196 
1980 238.274 
1981 237.368 
1982 236.478 
1983 235.604 
1984 234.743 
1985 233.897 
1986 233.062 
1987 232.239 
1988 231.427 
1989 230.624 
1990 229.83 
1991 229.044 
1992 228.265 
1993 227.491 
1994 226.723 
1995 225.958 
1996 225.196 
1997 224.437 
1998 223.678 
1999 222.92 
2000 222.161 
