2 648.933 
3 972.726 
4 1489.39 
5 2172.86 
6 3009.42 
7 3994.77 
8 5127.62 
9 6408.64 
10 7838.57 
11 9419.3 
12 11152.9 
13 13041.3 
14 15086.8 
15 17292 
16 19659.4 
17 22192.5 
18 24895.5 
19 27773 
20 30830.2 
21 34072.5 
22 37503.2 
23 41125.1 
24 44939.9 
25 48949 
26 53155.9 
27 57578.1 
28 62240.8 
29 67175.1 
30 72417.7 
31 78003.7 
32 83935.8 
33 90203.1 
34 96787.7 
35 103664 
36 110799 
37 118150 
38 125666 
39 133285 
40 140936 
41 148581 
42 156365 
43 164516 
44 173308 
45 183057 
46 194130 
47 206947 
48 221980 
49 239758 
50 260867 
51 285783 
52 314289 
53 345902 
54 380034 
55 415987 
56 452940 
57 489954 
58 525959 
59 559751 
60 589986 
61 615407 
62 635581 
63 650320 
64 659463 
65 662883 
66 660486 
67 652210 
68 638034 
69 617974 
70 592087 
71 560560 
72 523988 
73 483152 
74 438942 
75 392365 
76 344541 
77 296712 
78 250247 
79 206643 
80 167527 
81 134315 
82 107080 
83 85495.8 
84 69165.5 
85 57620.6 
86 50318.2 
87 46638.5 
88 45882.6 
89 47269.7 
90 49934.8 
91 53085.9 
92 56509.3 
93 60137.6 
94 63896.8 
95 67706.1 
96 71477.8 
97 75116.9 
98 78520.9 
99 81580.1 
100 84176.7 
101 86208.6 
102 87662.4 
103 88550.2 
104 88887.1 
105 88691.2 
106 87983.9 
107 86789.6 
108 85136.5 
109 83055.9 
110 80582.7 
111 77755.5 
112 74616.7 
113 71212.3 
114 67592.4 
115 63810.8 
116 59925.7 
117 55999.3 
118 52097.9 
119 48292.5 
120 44658.3 
121 41260.9 
122 38113.2 
123 35213.4 
124 32558.7 
125 30145.7 
126 27969.8 
127 26025.5 
128 24306.1 
129 22804.2 
130 21510.9 
131 20416.7 
132 19510.6 
133 18780.7 
134 18213.8 
135 17795.5 
136 17510.4 
137 17341.5 
138 17270.9 
139 17279.3 
140 17346 
141 17452.2 
142 17590.9 
143 17758.2 
144 17949.5 
145 18160.1 
146 18385.1 
147 18619 
148 18856.4 
149 19091.2 
150 19317.2 
151 19527.8 
152 19716 
153 19874.7 
154 19996.1 
155 20072.4 
156 20095.2 
157 20055.9 
158 19945.3 
159 19754.2 
160 19472.7 
161 19093.3 
162 18619.4 
163 18057.4 
164 17414 
165 16696.4 
166 15912.4 
167 15070 
168 14177.9 
169 13245.1 
170 12281.2 
171 11296 
172 10300.2 
173 9304.71 
174 8320.99 
175 7361.04 
176 6437.37 
177 5563.01 
178 4751.51 
179 4016.96 
180 3374 
181 2834.54 
182 2397.66 
183 2058.92 
184 1813.59 
185 1656.59 
186 1582.55 
187 1585.75 
188 1660.15 
189 1799.35 
190 1996.64 
191 2244.93 
192 2536.81 
193 2864.48 
194 3219.81 
195 3594.28 
196 3979.01 
197 4364.73 
198 4741.82 
199 5100.24 
200 5429.57 
201 5721.03 
202 5973.62 
203 6188.43 
204 6366.62 
205 6509.41 
206 6618.13 
207 6694.17 
208 6739.03 
209 6754.27 
210 6741.55 
211 6702.6 
212 6639.28 
213 6553.49 
214 6447.25 
215 6322.67 
216 6181.93 
217 6027.35 
218 5861.29 
219 5686.25 
220 5504.81 
221 5319.65 
222 5133.54 
223 4949.38 
224 4770.14 
225 4598.91 
226 4438.3 
227 4288.64 
228 4149.69 
229 4021.16 
230 3902.78 
231 3794.23 
232 3695.18 
233 3605.29 
234 3524.19 
235 3451.5 
236 3386.82 
237 3329.71 
238 3279.74 
239 3236.43 
240 3199.32 
241 3167.87 
242 3141.58 
243 3119.89 
244 3102.23 
245 3088 
246 3076.6 
247 3067.39 
248 3059.7 
249 3052.87 
250 3046.17 
251 3039.02 
252 3031.3 
253 3023.04 
254 3014.25 
255 3004.96 
256 2995.2 
257 2984.98 
258 2974.33 
259 2963.27 
260 2951.84 
261 2940.05 
262 2927.94 
263 2915.54 
264 2902.87 
265 2889.96 
266 2876.85 
267 2863.57 
268 2850.15 
269 2836.63 
270 2823.04 
271 2809.43 
272 2795.81 
273 2782.24 
274 2768.76 
275 2755.4 
276 2742.19 
277 2729.13 
278 2716.21 
279 2703.4 
280 2690.69 
281 2678.05 
282 2665.48 
283 2652.94 
284 2640.42 
285 2627.9 
286 2615.36 
287 2602.76 
288 2590.1 
289 2577.33 
290 2564.45 
291 2551.42 
292 2538.22 
293 2524.81 
294 2511.18 
295 2497.29 
296 2483.11 
297 2468.61 
298 2453.77 
299 2438.54 
300 2422.9 
301 2406.82 
302 2390.3 
303 2373.37 
304 2356.02 
305 2338.28 
306 2320.16 
307 2301.68 
308 2282.85 
309 2263.68 
310 2244.2 
311 2224.42 
312 2204.35 
313 2184.02 
314 2163.44 
315 2142.63 
316 2121.61 
317 2100.4 
318 2079.02 
319 2057.49 
320 2035.82 
321 2014.05 
322 1992.2 
323 1970.28 
324 1948.32 
325 1926.34 
326 1904.37 
327 1882.43 
328 1860.54 
329 1838.74 
330 1817.04 
331 1795.48 
332 1774.07 
333 1752.86 
334 1731.86 
335 1711.1 
336 1690.62 
337 1670.45 
338 1650.6 
339 1631.13 
340 1612.04 
341 1593.39 
342 1575.2 
343 1557.5 
344 1540.32 
345 1523.71 
346 1507.69 
347 1492.31 
348 1477.59 
349 1463.58 
350 1450.3 
351 1437.8 
352 1426.07 
353 1415.11 
354 1404.9 
355 1395.44 
356 1386.73 
357 1378.75 
358 1371.49 
359 1364.95 
360 1359.11 
361 1353.96 
362 1349.5 
363 1345.71 
364 1342.58 
365 1340.1 
366 1338.25 
367 1337.03 
368 1336.42 
369 1336.4 
370 1336.96 
371 1338.08 
372 1339.75 
373 1341.96 
374 1344.68 
375 1347.91 
376 1351.61 
377 1355.78 
378 1360.4 
379 1365.44 
380 1370.89 
381 1376.73 
382 1382.93 
383 1389.48 
384 1396.36 
385 1403.53 
386 1410.98 
387 1418.69 
388 1426.63 
389 1434.78 
390 1443.11 
391 1451.6 
392 1460.22 
393 1468.95 
394 1477.75 
395 1486.6 
396 1495.47 
397 1504.34 
398 1513.16 
399 1521.93 
400 1530.59 
401 1539.13 
402 1547.55 
403 1555.84 
404 1564 
405 1572.05 
406 1579.98 
407 1587.79 
408 1595.48 
409 1603.06 
410 1610.54 
411 1617.9 
412 1625.16 
413 1632.32 
414 1639.38 
415 1646.34 
416 1653.21 
417 1659.99 
418 1666.68 
419 1673.28 
420 1679.8 
421 1686.24 
422 1692.61 
423 1698.9 
424 1705.12 
425 1711.28 
426 1717.38 
427 1723.42 
428 1729.41 
429 1735.34 
430 1741.23 
431 1747.07 
432 1752.88 
433 1758.65 
434 1764.4 
435 1770.12 
436 1775.81 
437 1781.49 
438 1787.16 
439 1792.82 
440 1798.48 
441 1804.14 
442 1809.81 
443 1815.49 
444 1821.19 
445 1826.91 
446 1832.66 
447 1838.44 
448 1844.27 
449 1850.13 
450 1856.05 
451 1862.03 
452 1868.05 
453 1874.11 
454 1880.22 
455 1886.35 
456 1892.5 
457 1898.67 
458 1904.85 
459 1911.02 
460 1917.19 
461 1923.35 
462 1929.48 
463 1935.58 
464 1941.64 
465 1947.65 
466 1953.61 
467 1959.51 
468 1965.33 
469 1971.07 
470 1976.72 
471 1982.27 
472 1987.71 
473 1993.04 
474 1998.23 
475 2003.29 
476 2008.2 
477 2012.96 
478 2017.54 
479 2021.95 
480 2026.18 
481 2030.2 
482 2034.02 
483 2037.61 
484 2040.98 
485 2044.1 
486 2046.97 
487 2049.58 
488 2051.91 
489 2053.96 
490 2055.7 
491 2057.14 
492 2058.25 
493 2059.03 
494 2059.45 
495 2059.52 
496 2059.22 
497 2058.52 
498 2057.43 
499 2055.93 
500 2054 
501 2051.63 
502 2048.84 
503 2045.64 
504 2042.05 
505 2038.08 
506 2033.74 
507 2029.06 
508 2024.05 
509 2018.73 
510 2013.11 
511 2007.21 
512 2001.06 
513 1994.66 
514 1988.03 
515 1981.21 
516 1974.19 
517 1967.01 
518 1959.69 
519 1952.23 
520 1944.67 
521 1937.03 
522 1929.31 
523 1921.56 
524 1913.78 
525 1906.01 
526 1898.25 
527 1890.54 
528 1882.9 
529 1875.35 
530 1867.91 
531 1860.61 
532 1853.48 
533 1846.53 
534 1839.79 
535 1833.3 
536 1827.06 
537 1821.12 
538 1815.49 
539 1810.2 
540 1805.28 
541 1800.76 
542 1796.66 
543 1793.02 
544 1789.86 
545 1787.2 
546 1785.09 
547 1783.54 
548 1782.6 
549 1782.28 
550 1782.62 
551 1783.65 
552 1785.35 
553 1787.73 
554 1790.78 
555 1794.48 
556 1798.82 
557 1803.81 
558 1809.41 
559 1815.64 
560 1822.47 
561 1829.9 
562 1837.91 
563 1846.5 
564 1855.65 
565 1865.36 
566 1875.6 
567 1886.37 
568 1897.67 
569 1909.46 
570 1921.75 
571 1934.52 
572 1947.76 
573 1961.45 
574 1975.58 
575 1990.14 
576 2005.12 
577 2020.49 
578 2036.25 
579 2052.38 
580 2068.87 
581 2085.7 
582 2102.85 
583 2120.32 
584 2138.08 
585 2156.12 
586 2174.43 
587 2192.98 
588 2211.77 
589 2230.76 
590 2249.96 
591 2269.33 
592 2288.86 
593 2308.54 
594 2328.35 
595 2348.26 
596 2368.26 
597 2388.33 
598 2408.45 
599 2428.6 
600 2448.77 
601 2468.93 
602 2489.07 
603 2509.17 
604 2529.24 
605 2549.25 
606 2569.19 
607 2589.06 
608 2608.83 
609 2628.49 
610 2648.04 
611 2667.46 
612 2686.73 
613 2705.85 
614 2724.8 
615 2743.56 
616 2762.13 
617 2780.49 
618 2798.62 
619 2816.51 
620 2834.14 
621 2851.51 
622 2868.6 
623 2885.39 
624 2901.86 
625 2918.01 
626 2933.82 
627 2949.26 
628 2964.34 
629 2979.02 
630 2993.3 
631 3007.15 
632 3020.57 
633 3033.53 
634 3046.02 
635 3058.03 
636 3069.52 
637 3080.5 
638 3090.94 
639 3100.82 
640 3110.13 
641 3118.85 
642 3126.95 
643 3134.43 
644 3141.26 
645 3147.43 
646 3152.92 
647 3157.7 
648 3161.76 
649 3165.08 
650 3167.65 
651 3169.44 
652 3170.47 
653 3170.75 
654 3170.31 
655 3169.16 
656 3167.32 
657 3164.81 
658 3161.65 
659 3157.86 
660 3153.45 
661 3148.45 
662 3142.87 
663 3136.74 
664 3130.08 
665 3122.9 
666 3115.24 
667 3107.1 
668 3098.52 
669 3089.52 
670 3080.11 
671 3070.32 
672 3060.17 
673 3049.69 
674 3038.9 
675 3027.82 
676 3016.48 
677 3004.9 
678 2993.11 
679 2981.13 
680 2968.98 
681 2956.7 
682 2944.31 
683 2931.84 
684 2919.3 
685 2906.74 
686 2894.17 
687 2881.63 
688 2869.14 
689 2856.72 
690 2844.42 
691 2832.25 
692 2820.25 
693 2808.45 
694 2796.87 
695 2785.55 
696 2774.51 
697 2763.79 
698 2753.42 
699 2743.43 
700 2733.85 
701 2724.7 
702 2715.99 
703 2707.68 
704 2699.77 
705 2692.24 
706 2685.07 
707 2678.24 
708 2671.75 
709 2665.56 
710 2659.67 
711 2654.04 
712 2648.68 
713 2643.56 
714 2638.65 
715 2633.94 
716 2629.42 
717 2625.06 
718 2620.84 
719 2616.75 
720 2612.76 
721 2608.85 
722 2605 
723 2601.2 
724 2597.42 
725 2593.63 
726 2589.83 
727 2585.98 
728 2582.07 
729 2578.07 
730 2573.97 
731 2569.73 
732 2565.33 
733 2560.76 
734 2555.99 
735 2550.99 
736 2545.75 
737 2540.23 
738 2534.42 
739 2528.29 
740 2521.81 
741 2514.96 
742 2507.71 
743 2500.05 
744 2491.93 
745 2483.34 
746 2474.26 
747 2464.64 
748 2454.48 
749 2443.73 
750 2432.38 
751 2420.4 
752 2407.8 
753 2394.6 
754 2380.82 
755 2366.47 
756 2351.56 
757 2336.12 
758 2320.16 
759 2303.71 
760 2286.77 
761 2269.37 
762 2251.52 
763 2233.25 
764 2214.57 
765 2195.5 
766 2176.05 
767 2156.26 
768 2136.14 
769 2115.71 
770 2094.98 
771 2073.99 
772 2052.74 
773 2031.27 
774 2009.58 
775 1987.71 
776 1965.67 
777 1943.49 
778 1921.18 
779 1898.77 
780 1876.29 
781 1853.74 
782 1831.17 
783 1808.58 
784 1786.01 
785 1763.47 
786 1740.99 
787 1718.6 
788 1696.32 
789 1674.16 
790 1652.17 
791 1630.35 
792 1608.74 
793 1587.37 
794 1566.25 
795 1545.41 
796 1524.89 
797 1504.7 
798 1484.87 
799 1465.43 
800 1446.41 
801 1427.83 
802 1409.68 
803 1391.97 
804 1374.69 
805 1357.83 
806 1341.4 
807 1325.38 
808 1309.77 
809 1294.57 
810 1279.77 
811 1265.37 
812 1251.36 
813 1237.73 
814 1224.49 
815 1211.62 
816 1199.12 
817 1186.99 
818 1175.22 
819 1163.8 
820 1152.73 
821 1142 
822 1131.61 
823 1121.55 
824 1111.81 
825 1102.4 
826 1093.29 
827 1084.5 
828 1076 
829 1067.8 
830 1059.88 
831 1052.24 
832 1044.88 
833 1037.79 
834 1030.95 
835 1024.37 
836 1018.04 
837 1011.95 
838 1006.09 
839 1000.46 
840 995.04 
841 989.836 
842 984.835 
843 980.03 
844 975.414 
845 970.978 
846 966.716 
847 962.62 
848 958.68 
849 954.89 
850 951.242 
851 947.728 
852 944.35 
853 941.112 
854 938.016 
855 935.065 
856 932.262 
857 929.61 
858 927.113 
859 924.773 
860 922.593 
861 920.577 
862 918.728 
863 917.049 
864 915.544 
865 914.214 
866 913.065 
867 912.098 
868 911.318 
869 910.727 
870 910.329 
871 910.128 
872 910.126 
873 910.327 
874 910.735 
875 911.352 
876 912.183 
877 913.231 
878 914.499 
879 915.991 
880 917.71 
881 919.661 
882 921.845 
883 924.269 
884 926.934 
885 929.844 
886 933.004 
887 936.416 
888 940.085 
889 944.015 
890 948.208 
891 952.67 
892 957.403 
893 962.412 
894 967.7 
895 973.271 
896 979.13 
897 985.28 
898 991.725 
899 998.469 
900 1005.52 
901 1012.87 
902 1020.51 
903 1028.43 
904 1036.61 
905 1045.03 
906 1053.69 
907 1062.56 
908 1071.62 
909 1080.87 
910 1090.28 
911 1099.84 
912 1109.53 
913 1119.34 
914 1129.25 
915 1139.23 
916 1149.28 
917 1159.37 
918 1169.49 
919 1179.63 
920 1189.75 
921 1199.85 
922 1209.9 
923 1219.9 
924 1229.81 
925 1239.62 
926 1249.31 
927 1258.87 
928 1268.27 
929 1277.49 
930 1286.52 
931 1295.33 
932 1303.91 
933 1312.23 
934 1320.28 
935 1328.03 
936 1335.46 
937 1342.56 
938 1349.31 
939 1355.67 
940 1361.63 
941 1367.18 
942 1372.28 
943 1376.91 
944 1381.07 
945 1384.71 
946 1387.82 
947 1390.39 
948 1392.37 
949 1393.77 
950 1394.54 
951 1394.67 
952 1394.18 
953 1393.09 
954 1391.4 
955 1389.14 
956 1386.33 
957 1382.99 
958 1379.13 
959 1374.78 
960 1369.94 
961 1364.65 
962 1358.92 
963 1352.78 
964 1346.23 
965 1339.3 
966 1332.01 
967 1324.39 
968 1316.45 
969 1308.2 
970 1299.69 
971 1290.91 
972 1281.9 
973 1272.68 
974 1263.27 
975 1253.69 
976 1243.95 
977 1234.1 
978 1224.14 
979 1214.1 
980 1204 
981 1193.87 
982 1183.72 
983 1173.59 
984 1163.49 
985 1153.44 
986 1143.49 
987 1133.63 
988 1123.91 
989 1114.34 
990 1104.95 
991 1095.77 
992 1086.81 
993 1078.11 
994 1069.69 
995 1061.58 
996 1053.8 
997 1046.37 
998 1039.32 
999 1032.69 
1000 1026.49 
1001 1020.75 
1002 1015.46 
1003 1010.61 
1004 1006.18 
1005 1002.16 
1006 998.549 
1007 995.319 
1008 992.463 
1009 989.967 
1010 987.818 
1011 986.002 
1012 984.505 
1013 983.314 
1014 982.415 
1015 981.793 
1016 981.436 
1017 981.328 
1018 981.455 
1019 981.803 
1020 982.358 
1021 983.103 
1022 984.025 
1023 985.109 
1024 986.339 
1025 987.701 
1026 989.179 
1027 990.757 
1028 992.42 
1029 994.152 
1030 995.938 
1031 997.761 
1032 999.605 
1033 1001.45 
1034 1003.29 
1035 1005.1 
1036 1006.87 
1037 1008.58 
1038 1010.2 
1039 1011.74 
1040 1013.16 
1041 1014.45 
1042 1015.6 
1043 1016.58 
1044 1017.38 
1045 1017.98 
1046 1018.36 
1047 1018.51 
1048 1018.41 
1049 1018.03 
1050 1017.36 
1051 1016.39 
1052 1015.13 
1053 1013.58 
1054 1011.77 
1055 1009.7 
1056 1007.4 
1057 1004.86 
1058 1002.12 
1059 999.175 
1060 996.049 
1061 992.755 
1062 989.307 
1063 985.72 
1064 982.008 
1065 978.187 
1066 974.272 
1067 970.277 
1068 966.218 
1069 962.111 
1070 957.971 
1071 953.814 
1072 949.656 
1073 945.512 
1074 941.398 
1075 937.331 
1076 933.327 
1077 929.402 
1078 925.573 
1079 921.856 
1080 918.268 
1081 914.826 
1082 911.547 
1083 908.448 
1084 905.546 
1085 902.859 
1086 900.403 
1087 898.197 
1088 896.259 
1089 894.605 
1090 893.254 
1091 892.225 
1092 891.534 
1093 891.202 
1094 891.245 
1095 891.683 
1096 892.534 
1097 893.817 
1098 895.551 
1099 897.755 
1100 900.448 
1101 903.644 
1102 907.332 
1103 911.496 
1104 916.12 
1105 921.187 
1106 926.68 
1107 932.583 
1108 938.878 
1109 945.549 
1110 952.578 
1111 959.947 
1112 967.64 
1113 975.639 
1114 983.925 
1115 992.482 
1116 1001.29 
1117 1010.33 
1118 1019.59 
1119 1029.04 
1120 1038.68 
1121 1048.47 
1122 1058.4 
1123 1068.46 
1124 1078.61 
1125 1088.85 
1126 1099.16 
1127 1109.51 
1128 1119.88 
1129 1130.26 
1130 1140.62 
1131 1150.95 
1132 1161.22 
1133 1171.41 
1134 1181.51 
1135 1191.49 
1136 1201.33 
1137 1211.02 
1138 1220.52 
1139 1229.82 
1140 1238.9 
1141 1247.73 
1142 1256.3 
1143 1264.58 
1144 1272.55 
1145 1280.18 
1146 1287.46 
1147 1294.37 
1148 1300.87 
1149 1306.96 
1150 1312.59 
1151 1317.77 
1152 1322.48 
1153 1326.74 
1154 1330.55 
1155 1333.92 
1156 1336.87 
1157 1339.38 
1158 1341.48 
1159 1343.17 
1160 1344.46 
1161 1345.36 
1162 1345.87 
1163 1346 
1164 1345.76 
1165 1345.16 
1166 1344.2 
1167 1342.9 
1168 1341.26 
1169 1339.29 
1170 1337 
1171 1334.4 
1172 1331.49 
1173 1328.28 
1174 1324.79 
1175 1321.02 
1176 1316.98 
1177 1312.68 
1178 1308.12 
1179 1303.32 
1180 1298.29 
1181 1293.03 
1182 1287.55 
1183 1281.87 
1184 1275.99 
1185 1269.92 
1186 1263.67 
1187 1257.25 
1188 1250.67 
1189 1243.94 
1190 1237.07 
1191 1230.06 
1192 1222.94 
1193 1215.7 
1194 1208.36 
1195 1200.93 
1196 1193.42 
1197 1185.83 
1198 1178.18 
1199 1170.48 
1200 1162.75 
