2 13.5017 
3 18.6541 
4 22.3938 
5 25.8886 
6 30.9687 
7 35.6568 
8 38.3514 
9 41.457 
10 45.8045 
11 50.7772 
12 56.0115 
13 61.1768 
14 66.3048 
15 71.6259 
16 77.4196 
17 83.801 
18 90.7916 
19 98.35 
20 106.359 
21 114.661 
22 123.237 
23 132.112 
24 141.317 
25 150.884 
26 160.851 
27 171.244 
28 182.087 
29 193.404 
30 205.214 
31 217.537 
32 230.393 
33 243.802 
34 257.78 
35 272.342 
36 287.499 
37 303.259 
38 319.626 
39 336.599 
40 354.172 
41 372.338 
42 391.102 
43 410.468 
44 430.439 
45 451.018 
46 472.205 
47 493.996 
48 516.387 
49 539.372 
50 562.939 
51 587.061 
52 611.631 
53 636.508 
54 661.533 
55 686.523 
56 711.274 
57 735.56 
58 759.129 
59 781.706 
60 802.99 
61 822.725 
62 840.93 
63 857.721 
64 873.243 
65 887.673 
66 901.22 
67 914.126 
68 926.671 
69 939.17 
70 951.976 
71 965.407 
72 979.51 
73 994.249 
74 1009.58 
75 1025.45 
76 1041.81 
77 1058.56 
78 1075.64 
79 1092.94 
80 1110.37 
81 1127.81 
82 1145.27 
83 1162.76 
84 1180.29 
85 1197.89 
86 1215.56 
87 1233.32 
88 1251.21 
89 1269.24 
90 1287.43 
91 1305.8 
92 1324.36 
93 1343.09 
94 1361.98 
95 1381.03 
96 1400.21 
97 1419.53 
98 1438.95 
99 1458.47 
100 1478.06 
101 1497.7 
102 1517.4 
103 1537.14 
104 1556.92 
105 1576.75 
106 1596.61 
107 1616.51 
108 1636.44 
109 1656.39 
110 1676.36 
111 1696.34 
112 1716.34 
113 1736.33 
114 1756.32 
115 1776.3 
116 1796.26 
117 1816.2 
118 1836.1 
119 1855.95 
120 1875.76 
121 1895.51 
122 1915.19 
123 1934.79 
124 1954.32 
125 1973.77 
126 1993.14 
127 2012.4 
128 2031.57 
129 2050.63 
130 2069.58 
131 2088.41 
132 2107.12 
133 2125.69 
134 2144.13 
135 2162.41 
136 2180.54 
137 2198.51 
138 2216.31 
139 2233.93 
140 2251.36 
141 2268.59 
142 2285.63 
143 2302.46 
144 2319.07 
145 2335.47 
146 2351.65 
147 2367.6 
148 2383.32 
149 2398.8 
150 2414.04 
151 2429.03 
152 2443.77 
153 2458.24 
154 2472.46 
155 2486.41 
156 2500.08 
157 2513.47 
158 2526.57 
159 2539.39 
160 2551.91 
161 2564.12 
162 2576.03 
163 2587.63 
164 2598.92 
165 2609.89 
166 2620.54 
167 2630.87 
168 2640.87 
169 2650.54 
170 2659.88 
171 2668.88 
172 2677.54 
173 2685.86 
174 2693.83 
175 2701.45 
176 2708.73 
177 2715.65 
178 2722.21 
179 2728.41 
180 2734.26 
181 2739.73 
182 2744.85 
183 2749.6 
184 2753.98 
185 2757.99 
186 2761.63 
187 2764.9 
188 2767.8 
189 2770.32 
190 2772.48 
191 2774.26 
192 2775.67 
193 2776.71 
194 2777.38 
195 2777.67 
196 2777.59 
197 2777.14 
198 2776.32 
199 2775.14 
200 2773.58 
201 2771.65 
202 2769.36 
203 2766.71 
204 2763.69 
205 2760.3 
206 2756.56 
207 2752.46 
208 2748.01 
209 2743.19 
210 2738.03 
211 2732.52 
212 2726.66 
213 2720.45 
214 2713.91 
215 2707.03 
216 2699.81 
217 2692.26 
218 2684.38 
219 2676.18 
220 2667.66 
221 2658.83 
222 2649.68 
223 2640.23 
224 2630.47 
225 2620.42 
226 2610.07 
227 2599.43 
228 2588.51 
229 2577.31 
230 2565.84 
231 2554.09 
232 2542.07 
233 2529.79 
234 2517.26 
235 2504.47 
236 2491.43 
237 2478.15 
238 2464.64 
239 2450.89 
240 2436.92 
241 2422.73 
242 2408.32 
243 2393.71 
244 2378.9 
245 2363.89 
246 2348.69 
247 2333.31 
248 2317.76 
249 2302.04 
250 2286.16 
251 2270.12 
252 2253.94 
253 2237.62 
254 2221.16 
255 2204.57 
256 2187.85 
257 2171.02 
258 2154.07 
259 2137.01 
260 2119.85 
261 2102.59 
262 2085.25 
263 2067.82 
264 2050.32 
265 2032.74 
266 2015.1 
267 1997.41 
268 1979.66 
269 1961.87 
270 1944.04 
271 1926.19 
272 1908.31 
273 1890.41 
274 1872.51 
275 1854.6 
276 1836.71 
277 1818.82 
278 1800.96 
279 1783.11 
280 1765.3 
281 1747.52 
282 1729.78 
283 1712.09 
284 1694.45 
285 1676.86 
286 1659.34 
287 1641.9 
288 1624.52 
289 1607.23 
290 1590.03 
291 1572.92 
292 1555.9 
293 1539 
294 1522.2 
295 1505.53 
296 1488.98 
297 1472.56 
298 1456.27 
299 1440.13 
300 1424.14 
301 1408.3 
302 1392.62 
303 1377.1 
304 1361.75 
305 1346.57 
306 1331.56 
307 1316.73 
308 1302.07 
309 1287.59 
310 1273.3 
311 1259.2 
312 1245.29 
313 1231.57 
314 1218.05 
315 1204.72 
316 1191.6 
317 1178.68 
318 1165.97 
319 1153.46 
320 1141.17 
321 1129.09 
322 1117.23 
323 1105.58 
324 1094.16 
325 1082.96 
326 1071.98 
327 1061.23 
328 1050.71 
329 1040.42 
330 1030.36 
331 1020.53 
332 1010.94 
333 1001.58 
334 992.467 
335 983.589 
336 974.953 
337 966.558 
338 958.406 
339 950.498 
340 942.835 
341 935.418 
342 928.248 
343 921.325 
344 914.65 
345 908.223 
346 902.045 
347 896.117 
348 890.438 
349 885.009 
350 879.829 
351 874.9 
352 870.22 
353 865.788 
354 861.605 
355 857.67 
356 853.982 
357 850.539 
358 847.342 
359 844.389 
360 841.678 
361 839.209 
362 836.98 
363 834.989 
364 833.235 
365 831.716 
366 830.431 
367 829.377 
368 828.552 
369 827.954 
370 827.581 
371 827.43 
372 827.498 
373 827.784 
374 828.284 
375 828.995 
376 829.915 
377 831.039 
378 832.366 
379 833.891 
380 835.611 
381 837.522 
382 839.621 
383 841.903 
384 844.365 
385 847.002 
386 849.81 
387 852.785 
388 855.922 
389 859.216 
390 862.663 
391 866.258 
392 869.995 
393 873.869 
394 877.875 
395 882.007 
396 886.26 
397 890.627 
398 895.104 
399 899.683 
400 904.359 
401 909.126 
402 913.981 
403 918.921 
404 923.945 
405 929.051 
406 934.235 
407 939.495 
408 944.83 
409 950.235 
410 955.71 
411 961.25 
412 966.853 
413 972.516 
414 978.237 
415 984.013 
416 989.84 
417 995.715 
418 1001.64 
419 1007.6 
420 1013.6 
421 1019.63 
422 1025.7 
423 1031.8 
424 1037.92 
425 1044.06 
426 1050.22 
427 1056.39 
428 1062.58 
429 1068.77 
430 1074.96 
431 1081.14 
432 1087.33 
433 1093.5 
434 1099.65 
435 1105.79 
436 1111.91 
437 1117.99 
438 1124.05 
439 1130.06 
440 1136.04 
441 1141.96 
442 1147.84 
443 1153.66 
444 1159.41 
445 1165.1 
446 1170.72 
447 1176.26 
448 1181.72 
449 1187.09 
450 1192.37 
451 1197.55 
452 1202.63 
453 1207.6 
454 1212.48 
455 1217.26 
456 1221.93 
457 1226.5 
458 1230.96 
459 1235.32 
460 1239.58 
461 1243.73 
462 1247.77 
463 1251.71 
464 1255.53 
465 1259.25 
466 1262.86 
467 1266.37 
468 1269.76 
469 1273.04 
470 1276.21 
471 1279.26 
472 1282.21 
473 1285.04 
474 1287.75 
475 1290.36 
476 1292.85 
477 1295.22 
478 1297.48 
479 1299.62 
480 1301.65 
481 1303.55 
482 1305.34 
483 1307.02 
484 1308.57 
485 1310 
486 1311.32 
487 1312.52 
488 1313.59 
489 1314.55 
490 1315.38 
491 1316.09 
492 1316.68 
493 1317.15 
494 1317.5 
495 1317.72 
496 1317.82 
497 1317.79 
498 1317.65 
499 1317.38 
500 1316.98 
501 1316.46 
502 1315.81 
503 1315.05 
504 1314.16 
505 1313.16 
506 1312.04 
507 1310.8 
508 1309.45 
509 1308 
510 1306.43 
511 1304.75 
512 1302.97 
513 1301.08 
514 1299.09 
515 1297.01 
516 1294.82 
517 1292.54 
518 1290.17 
519 1287.71 
520 1285.16 
521 1282.52 
522 1279.8 
523 1277 
524 1274.12 
525 1271.16 
526 1268.13 
527 1265.02 
528 1261.85 
529 1258.62 
530 1255.32 
531 1251.96 
532 1248.54 
533 1245.07 
534 1241.54 
535 1237.97 
536 1234.35 
537 1230.69 
538 1226.99 
539 1223.25 
540 1219.48 
541 1215.68 
542 1211.85 
543 1208 
544 1204.13 
545 1200.25 
546 1196.35 
547 1192.44 
548 1188.52 
549 1184.61 
550 1180.69 
551 1176.78 
552 1172.88 
553 1168.98 
554 1165.1 
555 1161.23 
556 1157.37 
557 1153.53 
558 1149.7 
559 1145.9 
560 1142.12 
561 1138.36 
562 1134.62 
563 1130.92 
564 1127.24 
565 1123.6 
566 1119.99 
567 1116.42 
568 1112.88 
569 1109.39 
570 1105.93 
571 1102.52 
572 1099.16 
573 1095.85 
574 1092.58 
575 1089.38 
576 1086.22 
577 1083.13 
578 1080.09 
579 1077.12 
580 1074.21 
581 1071.37 
582 1068.6 
583 1065.9 
584 1063.27 
585 1060.73 
586 1058.26 
587 1055.88 
588 1053.58 
589 1051.36 
590 1049.24 
591 1047.21 
592 1045.28 
593 1043.44 
594 1041.7 
595 1040.07 
596 1038.54 
597 1037.13 
598 1035.82 
599 1034.63 
600 1033.56 
601 1032.6 
602 1031.77 
603 1031.06 
604 1030.46 
605 1029.99 
606 1029.63 
607 1029.4 
608 1029.28 
609 1029.28 
610 1029.4 
611 1029.63 
612 1029.98 
613 1030.45 
614 1031.03 
615 1031.74 
616 1032.55 
617 1033.48 
618 1034.52 
619 1035.68 
620 1036.95 
621 1038.34 
622 1039.83 
623 1041.44 
624 1043.16 
625 1044.99 
626 1046.92 
627 1048.97 
628 1051.13 
629 1053.39 
630 1055.76 
631 1058.23 
632 1060.81 
633 1063.5 
634 1066.29 
635 1069.18 
636 1072.17 
637 1075.27 
638 1078.46 
639 1081.76 
640 1085.15 
641 1088.64 
642 1092.23 
643 1095.91 
644 1099.69 
645 1103.56 
646 1107.53 
647 1111.58 
648 1115.73 
649 1119.96 
650 1124.29 
651 1128.7 
652 1133.2 
653 1137.78 
654 1142.44 
655 1147.17 
656 1151.99 
657 1156.88 
658 1161.84 
659 1166.88 
660 1171.98 
661 1177.14 
662 1182.37 
663 1187.66 
664 1193.01 
665 1198.42 
666 1203.87 
667 1209.38 
668 1214.94 
669 1220.54 
670 1226.19 
671 1231.88 
672 1237.6 
673 1243.36 
674 1249.15 
675 1254.98 
676 1260.83 
677 1266.7 
678 1272.59 
679 1278.51 
680 1284.43 
681 1290.37 
682 1296.32 
683 1302.28 
684 1308.24 
685 1314.19 
686 1320.15 
687 1326.1 
688 1332.04 
689 1337.96 
690 1343.88 
691 1349.77 
692 1355.63 
693 1361.48 
694 1367.29 
695 1373.07 
696 1378.81 
697 1384.51 
698 1390.16 
699 1395.77 
700 1401.33 
701 1406.84 
702 1412.28 
703 1417.67 
704 1423 
705 1428.27 
706 1433.47 
707 1438.61 
708 1443.68 
709 1448.68 
710 1453.61 
711 1458.47 
712 1463.25 
713 1467.96 
714 1472.59 
715 1477.14 
716 1481.61 
717 1485.99 
718 1490.29 
719 1494.5 
720 1498.63 
721 1502.66 
722 1506.59 
723 1510.44 
724 1514.18 
725 1517.83 
726 1521.37 
727 1524.81 
728 1528.14 
729 1531.37 
730 1534.49 
731 1537.49 
732 1540.38 
733 1543.16 
734 1545.82 
735 1548.35 
736 1550.77 
737 1553.05 
738 1555.22 
739 1557.25 
740 1559.15 
741 1560.91 
742 1562.55 
743 1564.04 
744 1565.39 
745 1566.6 
746 1567.66 
747 1568.57 
748 1569.34 
749 1569.95 
750 1570.41 
751 1570.71 
752 1570.85 
753 1570.84 
754 1570.67 
755 1570.34 
756 1569.86 
757 1569.22 
758 1568.43 
759 1567.48 
760 1566.38 
761 1565.12 
762 1563.72 
763 1562.16 
764 1560.45 
765 1558.58 
766 1556.57 
767 1554.41 
768 1552.09 
769 1549.63 
770 1547.02 
771 1544.26 
772 1541.35 
773 1538.29 
774 1535.09 
775 1531.75 
776 1528.26 
777 1524.62 
778 1520.84 
779 1516.92 
780 1512.86 
781 1508.65 
782 1504.31 
783 1499.82 
784 1495.2 
785 1490.44 
786 1485.54 
787 1480.5 
788 1475.33 
789 1470.03 
790 1464.59 
791 1459.02 
792 1453.31 
793 1447.47 
794 1441.51 
795 1435.41 
796 1429.19 
797 1422.84 
798 1416.36 
799 1409.76 
800 1403.04 
801 1396.19 
802 1389.22 
803 1382.13 
804 1374.92 
805 1367.6 
806 1360.17 
807 1352.62 
808 1344.97 
809 1337.21 
810 1329.34 
811 1321.38 
812 1313.31 
813 1305.15 
814 1296.89 
815 1288.54 
816 1280.09 
817 1271.56 
818 1262.95 
819 1254.25 
820 1245.47 
821 1236.61 
822 1227.67 
823 1218.66 
824 1209.59 
825 1200.44 
826 1191.22 
827 1181.95 
828 1172.61 
829 1163.22 
830 1153.77 
831 1144.27 
832 1134.72 
833 1125.12 
834 1115.48 
835 1105.8 
836 1096.08 
837 1086.33 
838 1076.54 
839 1066.73 
840 1056.88 
841 1047.02 
842 1037.14 
843 1027.23 
844 1017.32 
845 1007.39 
846 997.459 
847 987.522 
848 977.583 
849 967.646 
850 957.715 
851 947.793 
852 937.881 
853 927.982 
854 918.097 
855 908.228 
856 898.377 
857 888.545 
858 878.736 
859 868.95 
860 859.19 
861 849.457 
862 839.753 
863 830.081 
864 820.442 
865 810.839 
866 801.273 
867 791.746 
868 782.261 
869 772.82 
870 763.423 
871 754.075 
872 744.776 
873 735.529 
874 726.336 
875 717.199 
876 708.12 
877 699.102 
878 690.147 
879 681.256 
880 672.433 
881 663.678 
882 654.996 
883 646.387 
884 637.854 
885 629.4 
886 621.027 
887 612.737 
888 604.532 
889 596.415 
890 588.388 
891 580.454 
892 572.615 
893 564.873 
894 557.231 
895 549.692 
896 542.257 
897 534.93 
898 527.713 
899 520.608 
900 513.618 
901 506.745 
902 499.989 
903 493.351 
904 486.829 
905 480.424 
906 474.136 
907 467.963 
908 461.906 
909 455.965 
910 450.139 
911 444.428 
912 438.832 
913 433.35 
914 427.983 
915 422.729 
916 417.588 
917 412.561 
918 407.646 
919 402.843 
920 398.153 
921 393.574 
922 389.107 
923 384.75 
924 380.503 
925 376.367 
926 372.341 
927 368.423 
928 364.614 
929 360.914 
930 357.321 
931 353.836 
932 350.458 
933 347.186 
934 344.02 
935 340.96 
936 338.004 
937 335.153 
938 332.406 
939 329.762 
940 327.221 
941 324.782 
942 322.445 
943 320.209 
944 318.073 
945 316.038 
946 314.102 
947 312.264 
948 310.525 
949 308.883 
950 307.338 
951 305.889 
952 304.535 
953 303.274 
954 302.106 
955 301.029 
956 300.041 
957 299.142 
958 298.33 
959 297.603 
960 296.961 
961 296.401 
962 295.923 
963 295.525 
964 295.205 
965 294.962 
966 294.794 
967 294.701 
968 294.68 
969 294.73 
970 294.85 
971 295.037 
972 295.291 
973 295.609 
974 295.99 
975 296.433 
976 296.936 
977 297.496 
978 298.114 
979 298.786 
980 299.511 
981 300.287 
982 301.114 
983 301.988 
984 302.908 
985 303.872 
986 304.879 
987 305.927 
988 307.014 
989 308.138 
990 309.297 
991 310.489 
992 311.712 
993 312.965 
994 314.246 
995 315.552 
996 316.882 
997 318.234 
998 319.605 
999 320.994 
1000 322.398 
1001 323.816 
1002 325.246 
1003 326.684 
1004 328.129 
1005 329.578 
1006 331.03 
1007 332.481 
1008 333.929 
1009 335.372 
1010 336.807 
1011 338.232 
1012 339.645 
1013 341.042 
1014 342.422 
1015 343.782 
1016 345.12 
1017 346.432 
1018 347.716 
1019 348.97 
1020 350.191 
1021 351.376 
1022 352.522 
1023 353.628 
1024 354.69 
1025 355.706 
1026 356.672 
1027 357.587 
1028 358.446 
1029 359.248 
1030 359.99 
1031 360.669 
1032 361.281 
1033 361.825 
1034 362.297 
1035 362.693 
1036 363.013 
1037 363.251 
1038 363.406 
1039 363.474 
1040 363.453 
1041 363.338 
1042 363.128 
1043 362.819 
1044 362.409 
1045 361.892 
1046 361.268 
1047 360.532 
1048 359.682 
1049 358.714 
1050 357.625 
1051 356.412 
1052 355.077 
1053 353.621 
1054 352.047 
1055 350.357 
1056 348.552 
1057 346.634 
1058 344.606 
1059 342.47 
1060 340.227 
1061 337.88 
1062 335.431 
1063 332.881 
1064 330.234 
1065 327.491 
1066 324.655 
1067 321.727 
1068 318.71 
1069 315.607 
1070 312.418 
1071 309.148 
1072 305.797 
1073 302.369 
1074 298.865 
1075 295.288 
1076 291.641 
1077 287.925 
1078 284.144 
1079 280.299 
1080 276.393 
1081 272.429 
1082 268.409 
1083 264.336 
1084 260.211 
1085 256.038 
1086 251.82 
1087 247.558 
1088 243.256 
1089 238.916 
1090 234.54 
1091 230.132 
1092 225.694 
1093 221.229 
1094 216.74 
1095 212.229 
1096 207.699 
1097 203.152 
1098 198.593 
1099 194.023 
1100 189.446 
1101 184.864 
1102 180.279 
1103 175.694 
1104 171.109 
1105 166.529 
1106 161.954 
1107 157.386 
1108 152.828 
1109 148.282 
1110 143.749 
1111 139.233 
1112 134.735 
1113 130.257 
1114 125.802 
1115 121.371 
1116 116.968 
1117 112.593 
1118 108.25 
1119 103.94 
1120 99.6664 
1121 95.4308 
1122 91.2357 
1123 87.0833 
1124 82.9761 
1125 78.9162 
1126 74.9062 
1127 70.9484 
1128 67.0451 
1129 63.1988 
1130 59.4118 
1131 55.6866 
1132 52.0257 
1133 48.4316 
1134 44.9066 
1135 41.4533 
1136 38.0742 
1137 34.7718 
1138 31.5487 
1139 28.4074 
1140 25.3505 
1141 22.3806 
1142 19.5003 
1143 16.7122 
1144 14.0189 
1145 11.423 
1146 8.92736 
1147 6.53452 
1148 4.2472 
1149 2.06812 
1150 7.87032e-06 
1151 -1.95516 
1152 -3.79841 
1153 -5.53158 
1154 -7.15649 
1155 -8.675 
1156 -10.089 
1157 -11.4003 
1158 -12.6108 
1159 -13.7225 
1160 -14.7372 
1161 -15.657 
1162 -16.4838 
1163 -17.2195 
1164 -17.8662 
1165 -18.4258 
1166 -18.9004 
1167 -19.292 
1168 -19.6028 
1169 -19.8346 
1170 -19.9898 
1171 -20.0702 
1172 -20.0782 
1173 -20.0158 
1174 -19.8851 
1175 -19.6884 
1176 -19.4278 
1177 -19.1056 
1178 -18.7239 
1179 -18.285 
1180 -17.7912 
1181 -17.2447 
1182 -16.6478 
1183 -16.0029 
1184 -15.3122 
1185 -14.5781 
1186 -13.8029 
1187 -12.989 
1188 -12.1389 
1189 -11.2549 
1190 -10.3394 
1191 -9.39486 
1192 -8.42379 
1193 -7.42865 
1194 -6.41192 
1195 -5.37611 
1196 -4.32375 
1197 -3.25739 
1198 -2.17959 
1199 -1.09293 
1200 -1.36379e-14 
