2 906.465 
3 836.179 
4 773.368 
5 723.166 
6 683.106 
7 650.677 
8 624.407 
9 602.352 
10 585.877 
11 574.655 
12 567.485 
13 560.135 
14 552.842 
15 546.468 
16 540.703 
17 536.417 
18 534.392 
19 534.584 
20 535.92 
21 536.758 
22 537.146 
23 537.613 
24 538.611 
25 540.487 
26 543.402 
27 547.106 
28 551.014 
29 554.218 
30 555.452 
31 553.413 
32 547.971 
33 539.412 
34 528.134 
35 514.653 
36 499.612 
37 483.79 
38 468.108 
39 453.636 
40 441.606 
41 433.173 
42 428.62 
43 427.905 
44 430.874 
45 437.251 
46 446.627 
47 458.454 
48 472.034 
49 486.513 
50 500.869 
51 514.133 
52 526.148 
53 536.995 
54 546.787 
55 555.664 
56 563.801 
57 571.406 
58 578.724 
59 586.035 
60 593.658 
61 601.89 
62 610.802 
63 620.401 
64 630.682 
65 641.637 
66 653.249 
67 665.49 
68 678.325 
69 691.71 
70 705.59 
71 719.91 
72 734.642 
73 749.764 
74 765.246 
75 781.056 
76 797.155 
77 813.498 
78 830.034 
79 846.709 
80 863.46 
81 880.229 
82 897.004 
83 913.782 
84 930.562 
85 947.342 
86 964.121 
87 980.898 
88 997.674 
89 1014.45 
90 1031.22 
91 1048.01 
92 1064.89 
93 1081.96 
94 1099.34 
95 1117.13 
96 1135.47 
97 1154.5 
98 1174.35 
99 1195.19 
100 1217.17 
101 1240.45 
102 1264.99 
103 1290.76 
104 1317.68 
105 1345.69 
106 1374.7 
107 1404.63 
108 1435.38 
109 1466.84 
110 1498.9 
111 1531.44 
112 1564.31 
113 1597.38 
114 1630.48 
115 1663.46 
116 1696.14 
117 1728.32 
118 1759.83 
119 1790.44 
120 1819.93 
121 1848.12 
122 1874.99 
123 1900.57 
124 1924.89 
125 1947.99 
126 1969.91 
127 1990.72 
128 2010.46 
129 2029.2 
130 2047.01 
131 2063.97 
132 2080.15 
133 2095.66 
134 2110.59 
135 2125.03 
136 2139.11 
137 2152.94 
138 2166.65 
139 2180.36 
140 2194.23 
141 2208.36 
142 2222.78 
143 2237.45 
144 2252.36 
145 2267.48 
146 2282.78 
147 2298.24 
148 2313.82 
149 2329.5 
150 2345.22 
151 2360.97 
152 2376.7 
153 2392.36 
154 2407.92 
155 2423.33 
156 2438.54 
157 2453.49 
158 2468.15 
159 2482.44 
160 2496.32 
161 2509.73 
162 2522.66 
163 2535.12 
164 2547.11 
165 2558.64 
166 2569.7 
167 2580.31 
168 2590.47 
169 2600.19 
170 2609.47 
171 2618.32 
172 2626.75 
173 2634.77 
174 2642.4 
175 2649.63 
176 2656.49 
177 2662.98 
178 2669.13 
179 2674.93 
180 2680.42 
181 2685.6 
182 2690.46 
183 2695.02 
184 2699.26 
185 2703.17 
186 2706.77 
187 2710.03 
188 2712.97 
189 2715.56 
190 2717.82 
191 2719.74 
192 2721.3 
193 2722.52 
194 2723.37 
195 2723.87 
196 2724 
197 2723.77 
198 2723.16 
199 2722.17 
200 2720.8 
201 2719.04 
202 2716.9 
203 2714.38 
204 2711.47 
205 2708.19 
206 2704.52 
207 2700.49 
208 2696.08 
209 2691.3 
210 2686.16 
211 2680.66 
212 2674.79 
213 2668.57 
214 2662.01 
215 2655.09 
216 2647.83 
217 2640.24 
218 2632.31 
219 2624.05 
220 2615.48 
221 2606.58 
222 2597.38 
223 2587.86 
224 2578.05 
225 2567.95 
226 2557.56 
227 2546.89 
228 2535.94 
229 2524.72 
230 2513.23 
231 2501.46 
232 2489.44 
233 2477.16 
234 2464.62 
235 2451.83 
236 2438.8 
237 2425.53 
238 2412.02 
239 2398.28 
240 2384.32 
241 2370.14 
242 2355.74 
243 2341.13 
244 2326.32 
245 2311.32 
246 2296.12 
247 2280.74 
248 2265.17 
249 2249.44 
250 2233.54 
251 2217.48 
252 2201.26 
253 2184.9 
254 2168.39 
255 2151.75 
256 2134.98 
257 2118.08 
258 2101.06 
259 2083.94 
260 2066.7 
261 2049.37 
262 2031.95 
263 2014.44 
264 1996.85 
265 1979.19 
266 1961.47 
267 1943.69 
268 1925.86 
269 1907.99 
270 1890.09 
271 1872.15 
272 1854.2 
273 1836.24 
274 1818.27 
275 1800.31 
276 1782.36 
277 1764.43 
278 1746.52 
279 1728.64 
280 1710.79 
281 1692.97 
282 1675.2 
283 1657.47 
284 1639.79 
285 1622.16 
286 1604.6 
287 1587.1 
288 1569.67 
289 1552.31 
290 1535.03 
291 1517.83 
292 1500.72 
293 1483.7 
294 1466.77 
295 1449.95 
296 1433.24 
297 1416.63 
298 1400.14 
299 1383.77 
300 1367.52 
301 1351.4 
302 1335.42 
303 1319.57 
304 1303.86 
305 1288.3 
306 1272.88 
307 1257.62 
308 1242.52 
309 1227.57 
310 1212.79 
311 1198.17 
312 1183.73 
313 1169.46 
314 1155.37 
315 1141.46 
316 1127.73 
317 1114.19 
318 1100.85 
319 1087.7 
320 1074.76 
321 1062.01 
322 1049.47 
323 1037.14 
324 1025.02 
325 1013.12 
326 1001.44 
327 989.975 
328 978.739 
329 967.731 
330 956.955 
331 946.412 
332 936.108 
333 926.043 
334 916.221 
335 906.645 
336 897.317 
337 888.241 
338 879.419 
339 870.853 
340 862.546 
341 854.501 
342 846.72 
343 839.205 
344 831.959 
345 824.985 
346 818.283 
347 811.858 
348 805.71 
349 799.842 
350 794.256 
351 788.953 
352 783.934 
353 779.196 
354 774.741 
355 770.565 
356 766.668 
357 763.05 
358 759.707 
359 756.639 
360 753.845 
361 751.321 
362 749.067 
363 747.079 
364 745.357 
365 743.897 
366 742.698 
367 741.755 
368 741.068 
369 740.633 
370 740.446 
371 740.505 
372 740.806 
373 741.347 
374 742.122 
375 743.13 
376 744.365 
377 745.824 
378 747.502 
379 749.396 
380 751.501 
381 753.813 
382 756.325 
383 759.035 
384 761.936 
385 765.023 
386 768.292 
387 771.736 
388 775.35 
389 779.128 
390 783.064 
391 787.152 
392 791.386 
393 795.759 
394 800.264 
395 804.895 
396 809.645 
397 814.507 
398 819.472 
399 824.535 
400 829.687 
401 834.922 
402 840.236 
403 845.627 
404 851.094 
405 856.634 
406 862.244 
407 867.924 
408 873.669 
409 879.479 
410 885.349 
411 891.279 
412 897.265 
413 903.305 
414 909.395 
415 915.534 
416 921.719 
417 927.946 
418 934.212 
419 940.516 
420 946.852 
421 953.22 
422 959.615 
423 966.034 
424 972.474 
425 978.931 
426 985.402 
427 991.884 
428 998.373 
429 1004.87 
430 1011.36 
431 1017.85 
432 1024.33 
433 1030.8 
434 1037.25 
435 1043.68 
436 1050.09 
437 1056.48 
438 1062.83 
439 1069.14 
440 1075.41 
441 1081.64 
442 1087.82 
443 1093.95 
444 1100.01 
445 1106.02 
446 1111.95 
447 1117.82 
448 1123.6 
449 1129.3 
450 1134.92 
451 1140.44 
452 1145.87 
453 1151.21 
454 1156.45 
455 1161.59 
456 1166.64 
457 1171.58 
458 1176.44 
459 1181.19 
460 1185.84 
461 1190.39 
462 1194.84 
463 1199.18 
464 1203.43 
465 1207.57 
466 1211.6 
467 1215.53 
468 1219.35 
469 1223.07 
470 1226.68 
471 1230.18 
472 1233.57 
473 1236.85 
474 1240.02 
475 1243.08 
476 1246.03 
477 1248.86 
478 1251.59 
479 1254.19 
480 1256.69 
481 1259.06 
482 1261.33 
483 1263.47 
484 1265.5 
485 1267.41 
486 1269.2 
487 1270.87 
488 1272.42 
489 1273.85 
490 1275.16 
491 1276.35 
492 1277.42 
493 1278.36 
494 1279.18 
495 1279.88 
496 1280.45 
497 1280.89 
498 1281.21 
499 1281.41 
500 1281.47 
501 1281.41 
502 1281.22 
503 1280.91 
504 1280.48 
505 1279.93 
506 1279.26 
507 1278.47 
508 1277.57 
509 1276.56 
510 1275.43 
511 1274.2 
512 1272.86 
513 1271.42 
514 1269.88 
515 1268.23 
516 1266.5 
517 1264.66 
518 1262.74 
519 1260.72 
520 1258.62 
521 1256.44 
522 1254.17 
523 1251.83 
524 1249.41 
525 1246.92 
526 1244.35 
527 1241.72 
528 1239.03 
529 1236.27 
530 1233.46 
531 1230.58 
532 1227.66 
533 1224.69 
534 1221.67 
535 1218.62 
536 1215.52 
537 1212.38 
538 1209.22 
539 1206.03 
540 1202.81 
541 1199.57 
542 1196.31 
543 1193.04 
544 1189.75 
545 1186.47 
546 1183.18 
547 1179.89 
548 1176.6 
549 1173.33 
550 1170.07 
551 1166.83 
552 1163.6 
553 1160.4 
554 1157.21 
555 1154.05 
556 1150.91 
557 1147.79 
558 1144.7 
559 1141.63 
560 1138.59 
561 1135.57 
562 1132.58 
563 1129.62 
564 1126.69 
565 1123.79 
566 1120.93 
567 1118.09 
568 1115.29 
569 1112.52 
570 1109.79 
571 1107.09 
572 1104.44 
573 1101.82 
574 1099.24 
575 1096.7 
576 1094.2 
577 1091.75 
578 1089.34 
579 1086.97 
580 1084.65 
581 1082.38 
582 1080.15 
583 1077.98 
584 1075.85 
585 1073.77 
586 1071.75 
587 1069.78 
588 1067.87 
589 1066.01 
590 1064.21 
591 1062.47 
592 1060.78 
593 1059.16 
594 1057.6 
595 1056.1 
596 1054.66 
597 1053.29 
598 1051.99 
599 1050.75 
600 1049.59 
601 1048.49 
602 1047.47 
603 1046.52 
604 1045.66 
605 1044.88 
606 1044.19 
607 1043.6 
608 1043.1 
609 1042.7 
610 1042.41 
611 1042.22 
612 1042.15 
613 1042.2 
614 1042.37 
615 1042.66 
616 1043.09 
617 1043.65 
618 1044.35 
619 1045.19 
620 1046.19 
621 1047.33 
622 1048.63 
623 1050.1 
624 1051.73 
625 1053.53 
626 1055.51 
627 1057.67 
628 1060.01 
629 1062.55 
630 1065.28 
631 1068.21 
632 1071.35 
633 1074.69 
634 1078.26 
635 1082.04 
636 1086.05 
637 1090.29 
638 1094.77 
639 1099.49 
640 1104.46 
641 1109.69 
642 1115.17 
643 1120.91 
644 1126.92 
645 1133.21 
646 1139.78 
647 1146.64 
648 1153.79 
649 1161.24 
650 1168.99 
651 1177.05 
652 1185.4 
653 1194.02 
654 1202.89 
655 1211.99 
656 1221.3 
657 1230.8 
658 1240.47 
659 1250.28 
660 1260.23 
661 1270.27 
662 1280.4 
663 1290.58 
664 1300.8 
665 1311.03 
666 1321.26 
667 1331.45 
668 1341.58 
669 1351.63 
670 1361.57 
671 1371.39 
672 1381.05 
673 1390.52 
674 1399.8 
675 1408.84 
676 1417.62 
677 1426.11 
678 1434.3 
679 1442.15 
680 1449.63 
681 1456.72 
682 1463.38 
683 1469.6 
684 1475.34 
685 1480.58 
686 1485.28 
687 1489.42 
688 1492.96 
689 1495.88 
690 1498.14 
691 1499.72 
692 1500.58 
693 1500.7 
694 1500.04 
695 1498.57 
696 1496.26 
697 1493.07 
698 1488.98 
699 1483.94 
700 1477.94 
701 1470.93 
702 1462.96 
703 1454.04 
704 1444.22 
705 1433.52 
706 1421.99 
707 1409.66 
708 1396.56 
709 1382.73 
710 1368.21 
711 1353.03 
712 1337.23 
713 1320.85 
714 1303.92 
715 1286.5 
716 1268.61 
717 1250.29 
718 1231.6 
719 1212.55 
720 1193.21 
721 1173.61 
722 1153.79 
723 1133.79 
724 1113.66 
725 1093.45 
726 1073.19 
727 1052.93 
728 1032.72 
729 1012.6 
730 992.612 
731 972.813 
732 953.245 
733 933.956 
734 914.994 
735 896.408 
736 878.248 
737 860.561 
738 843.4 
739 826.814 
740 810.854 
741 795.573 
742 781.022 
743 767.255 
744 754.323 
745 742.282 
746 731.185 
747 721.087 
748 712.044 
749 704.11 
750 697.343 
751 691.785 
752 687.422 
753 684.223 
754 682.16 
755 681.201 
756 681.316 
757 682.475 
758 684.646 
759 687.796 
760 691.895 
761 696.909 
762 702.805 
763 709.551 
764 717.111 
765 725.453 
766 734.541 
767 744.34 
768 754.816 
769 765.931 
770 777.651 
771 789.938 
772 802.755 
773 816.065 
774 829.829 
775 844.01 
776 858.569 
777 873.467 
778 888.663 
779 904.119 
780 919.793 
781 935.645 
782 951.634 
783 967.717 
784 983.853 
785 999.998 
786 1016.11 
787 1032.15 
788 1048.06 
789 1063.81 
790 1079.36 
791 1094.64 
792 1109.63 
793 1124.27 
794 1138.52 
795 1152.32 
796 1165.64 
797 1178.43 
798 1190.63 
799 1202.2 
800 1213.09 
801 1223.25 
802 1232.7 
803 1241.44 
804 1249.48 
805 1256.84 
806 1263.53 
807 1269.56 
808 1274.94 
809 1279.7 
810 1283.83 
811 1287.35 
812 1290.29 
813 1292.64 
814 1294.42 
815 1295.66 
816 1296.35 
817 1296.52 
818 1296.19 
819 1295.35 
820 1294.04 
821 1292.26 
822 1290.03 
823 1287.37 
824 1284.28 
825 1280.79 
826 1276.91 
827 1272.66 
828 1268.05 
829 1263.1 
830 1257.83 
831 1252.25 
832 1246.38 
833 1240.24 
834 1233.84 
835 1227.19 
836 1220.33 
837 1213.26 
838 1206.01 
839 1198.59 
840 1191.02 
841 1183.31 
842 1175.5 
843 1167.58 
844 1159.6 
845 1151.55 
846 1143.47 
847 1135.37 
848 1127.27 
849 1119.2 
850 1111.16 
851 1103.19 
852 1095.27 
853 1087.41 
854 1079.62 
855 1071.88 
856 1064.19 
857 1056.57 
858 1048.99 
859 1041.48 
860 1034.01 
861 1026.59 
862 1019.23 
863 1011.91 
864 1004.64 
865 997.416 
866 990.239 
867 983.105 
868 976.014 
869 968.964 
870 961.955 
871 954.985 
872 948.052 
873 941.156 
874 934.295 
875 927.468 
876 920.673 
877 913.909 
878 907.174 
879 900.468 
880 893.789 
881 887.135 
882 880.505 
883 873.898 
884 867.311 
885 860.744 
886 854.195 
887 847.663 
888 841.145 
889 834.641 
890 828.149 
891 821.667 
892 815.194 
893 808.728 
894 802.267 
895 795.809 
896 789.354 
897 782.9 
898 776.444 
899 769.985 
900 763.521 
901 757.052 
902 750.581 
903 744.113 
904 737.652 
905 731.203 
906 724.772 
907 718.362 
908 711.978 
909 705.626 
910 699.311 
911 693.036 
912 686.808 
913 680.632 
914 674.512 
915 668.453 
916 662.462 
917 656.542 
918 650.699 
919 644.939 
920 639.267 
921 633.688 
922 628.208 
923 622.832 
924 617.566 
925 612.415 
926 607.384 
927 602.48 
928 597.708 
929 593.074 
930 588.583 
931 584.242 
932 580.056 
933 576.031 
934 572.173 
935 568.489 
936 564.983 
937 561.662 
938 558.533 
939 555.601 
940 552.873 
941 550.354 
942 548.052 
943 545.972 
944 544.121 
945 542.505 
946 541.13 
947 540.005 
948 539.133 
949 538.524 
950 538.182 
951 538.113 
952 538.311 
953 538.772 
954 539.486 
955 540.448 
956 541.651 
957 543.087 
958 544.749 
959 546.631 
960 548.725 
961 551.024 
962 553.519 
963 556.205 
964 559.073 
965 562.116 
966 565.327 
967 568.696 
968 572.217 
969 575.882 
970 579.683 
971 583.612 
972 587.66 
973 591.82 
974 596.083 
975 600.442 
976 604.887 
977 609.41 
978 614.004 
979 618.658 
980 623.365 
981 628.116 
982 632.902 
983 637.714 
984 642.543 
985 647.381 
986 652.217 
987 657.044 
988 661.851 
989 666.63 
990 671.371 
991 676.065 
992 680.701 
993 685.271 
994 689.765 
995 694.173 
996 698.484 
997 702.691 
998 706.781 
999 710.746 
1000 714.575 
1001 718.26 
1002 721.801 
1003 725.203 
1004 728.468 
1005 731.599 
1006 734.599 
1007 737.472 
1008 740.22 
1009 742.847 
1010 745.356 
1011 747.75 
1012 750.033 
1013 752.208 
1014 754.278 
1015 756.248 
1016 758.119 
1017 759.896 
1018 761.582 
1019 763.181 
1020 764.696 
1021 766.131 
1022 767.49 
1023 768.775 
1024 769.992 
1025 771.142 
1026 772.231 
1027 773.262 
1028 774.239 
1029 775.166 
1030 776.046 
1031 776.883 
1032 777.682 
1033 778.446 
1034 779.179 
1035 779.886 
1036 780.57 
1037 781.236 
1038 781.887 
1039 782.528 
1040 783.163 
1041 783.797 
1042 784.432 
1043 785.075 
1044 785.728 
1045 786.397 
1046 787.086 
1047 787.799 
1048 788.54 
1049 789.315 
1050 790.127 
1051 790.981 
1052 791.874 
1053 792.803 
1054 793.767 
1055 794.761 
1056 795.784 
1057 796.832 
1058 797.903 
1059 798.994 
1060 800.101 
1061 801.221 
1062 802.353 
1063 803.492 
1064 804.636 
1065 805.782 
1066 806.927 
1067 808.066 
1068 809.199 
1069 810.321 
1070 811.428 
1071 812.519 
1072 813.59 
1073 814.637 
1074 815.657 
1075 816.647 
1076 817.604 
1077 818.525 
1078 819.405 
1079 820.242 
1080 821.033 
1081 821.773 
1082 822.459 
1083 823.089 
1084 823.658 
1085 824.163 
1086 824.6 
1087 824.967 
1088 825.258 
1089 825.471 
1090 825.603 
1091 825.648 
1092 825.604 
1093 825.468 
1094 825.234 
1095 824.9 
1096 824.462 
1097 823.915 
1098 823.257 
1099 822.483 
1100 821.589 
1101 820.573 
1102 819.434 
1103 818.177 
1104 816.801 
1105 815.309 
1106 813.703 
1107 811.985 
1108 810.156 
1109 808.22 
1110 806.177 
1111 804.03 
1112 801.78 
1113 799.431 
1114 796.983 
1115 794.44 
1116 791.802 
1117 789.073 
1118 786.254 
1119 783.348 
1120 780.356 
1121 777.281 
1122 774.125 
1123 770.891 
1124 767.579 
1125 764.194 
1126 760.737 
1127 757.21 
1128 753.615 
1129 749.956 
1130 746.234 
1131 742.452 
1132 738.612 
1133 734.716 
1134 730.767 
1135 726.767 
1136 722.72 
1137 718.626 
1138 714.49 
1139 710.312 
1140 706.097 
1141 701.845 
1142 697.561 
1143 693.246 
1144 688.904 
1145 684.536 
1146 680.145 
1147 675.735 
1148 671.307 
1149 666.865 
1150 662.411 
1151 657.947 
1152 653.476 
1153 648.999 
1154 644.517 
1155 640.031 
1156 635.544 
1157 631.056 
1158 626.569 
1159 622.085 
1160 617.605 
1161 613.13 
1162 608.663 
1163 604.204 
1164 599.755 
1165 595.318 
1166 590.895 
1167 586.486 
1168 582.094 
1169 577.719 
1170 573.365 
1171 569.031 
1172 564.721 
1173 560.435 
1174 556.175 
1175 551.944 
1176 547.741 
1177 543.57 
1178 539.432 
1179 535.328 
1180 531.26 
1181 527.231 
1182 523.241 
1183 519.292 
1184 515.387 
1185 511.527 
1186 507.713 
1187 503.948 
1188 500.233 
1189 496.571 
1190 492.962 
1191 489.409 
1192 485.913 
1193 482.477 
1194 479.103 
1195 475.791 
1196 472.544 
1197 469.364 
1198 466.253 
1199 463.213 
1200 460.245 
1201 457.352 
1202 454.532 
1203 451.787 
1204 449.115 
1205 446.516 
1206 443.99 
1207 441.537 
1208 439.155 
1209 436.846 
1210 434.608 
1211 432.44 
1212 430.344 
1213 428.318 
1214 426.361 
1215 424.474 
1216 422.656 
1217 420.907 
1218 419.226 
1219 417.613 
1220 416.067 
1221 414.588 
1222 413.176 
1223 411.831 
1224 410.55 
1225 409.336 
1226 408.186 
1227 407.1 
1228 406.079 
1229 405.121 
1230 404.226 
1231 403.394 
1232 402.624 
1233 401.915 
1234 401.268 
1235 400.682 
1236 400.155 
1237 399.689 
1238 399.282 
1239 398.933 
1240 398.643 
1241 398.41 
1242 398.235 
1243 398.116 
1244 398.054 
1245 398.047 
1246 398.096 
1247 398.199 
1248 398.355 
1249 398.566 
1250 398.829 
1251 399.145 
1252 399.513 
1253 399.932 
1254 400.401 
1255 400.921 
1256 401.49 
1257 402.109 
1258 402.775 
1259 403.49 
1260 404.251 
1261 405.059 
1262 405.913 
1263 406.813 
1264 407.757 
1265 408.745 
1266 409.777 
1267 410.851 
1268 411.968 
1269 413.127 
1270 414.326 
1271 415.565 
1272 416.844 
1273 418.162 
1274 419.519 
1275 420.913 
1276 422.343 
1277 423.81 
1278 425.313 
1279 426.85 
1280 428.422 
1281 430.027 
1282 431.665 
1283 433.334 
1284 435.036 
1285 436.767 
1286 438.529 
1287 440.319 
1288 442.138 
1289 443.985 
1290 445.858 
1291 447.758 
1292 449.683 
1293 451.633 
1294 453.606 
1295 455.603 
1296 457.621 
1297 459.662 
1298 461.722 
1299 463.803 
1300 465.903 
1301 468.021 
1302 470.157 
1303 472.309 
1304 474.477 
1305 476.661 
1306 478.858 
1307 481.069 
1308 483.292 
1309 485.526 
1310 487.772 
1311 490.027 
1312 492.292 
1313 494.565 
1314 496.845 
1315 499.131 
1316 501.423 
1317 503.719 
1318 506.02 
1319 508.323 
1320 510.628 
1321 512.934 
1322 515.24 
1323 517.545 
1324 519.849 
1325 522.149 
1326 524.446 
1327 526.739 
1328 529.026 
1329 531.306 
1330 533.579 
1331 535.844 
1332 538.099 
1333 540.343 
1334 542.577 
1335 544.797 
1336 547.005 
1337 549.198 
1338 551.376 
1339 553.537 
1340 555.68 
1341 557.806 
1342 559.911 
1343 561.996 
1344 564.06 
1345 566.101 
1346 568.118 
1347 570.111 
1348 572.077 
1349 574.017 
1350 575.929 
1351 577.811 
1352 579.664 
1353 581.485 
1354 583.274 
1355 585.029 
1356 586.75 
1357 588.435 
1358 590.083 
1359 591.693 
1360 593.264 
1361 594.795 
1362 596.285 
1363 597.732 
1364 599.135 
1365 600.493 
1366 601.805 
1367 603.07 
1368 604.287 
1369 605.454 
1370 606.57 
1371 607.634 
1372 608.645 
1373 609.601 
1374 610.502 
1375 611.346 
1376 612.132 
1377 612.858 
1378 613.524 
1379 614.127 
1380 614.668 
1381 615.145 
1382 615.555 
1383 615.899 
1384 616.174 
1385 616.38 
1386 616.516 
1387 616.579 
1388 616.568 
1389 616.483 
1390 616.322 
1391 616.083 
1392 615.766 
1393 615.369 
1394 614.89 
1395 614.329 
1396 613.683 
1397 612.952 
1398 612.134 
1399 611.228 
1400 610.233 
1401 609.147 
1402 607.971 
1403 606.709 
1404 605.361 
1405 603.931 
1406 602.418 
1407 600.827 
1408 599.158 
1409 597.413 
1410 595.596 
1411 593.706 
1412 591.748 
1413 589.722 
1414 587.631 
1415 585.477 
1416 583.262 
1417 580.988 
1418 578.656 
1419 576.27 
1420 573.832 
1421 571.343 
1422 568.806 
1423 566.222 
1424 563.595 
1425 560.925 
1426 558.216 
1427 555.47 
1428 552.689 
1429 549.875 
1430 547.03 
1431 544.157 
1432 541.258 
1433 538.335 
1434 535.391 
1435 532.428 
1436 529.448 
1437 526.454 
1438 523.448 
1439 520.432 
1440 517.408 
1441 514.38 
1442 511.35 
1443 508.32 
1444 505.292 
1445 502.269 
1446 499.254 
1447 496.248 
1448 493.255 
1449 490.277 
1450 487.316 
1451 484.375 
1452 481.453 
1453 478.55 
1454 475.665 
1455 472.797 
1456 469.947 
1457 467.112 
1458 464.293 
1459 461.489 
1460 458.699 
1461 455.922 
1462 453.159 
1463 450.407 
1464 447.667 
1465 444.938 
1466 442.219 
1467 439.509 
1468 436.809 
1469 434.116 
1470 431.43 
1471 428.751 
1472 426.078 
1473 423.41 
1474 420.747 
1475 418.087 
1476 415.431 
1477 412.776 
1478 410.124 
1479 407.472 
1480 404.82 
1481 402.167 
1482 399.513 
1483 396.857 
1484 394.198 
1485 391.535 
1486 388.868 
1487 386.195 
1488 383.516 
1489 380.831 
1490 378.138 
1491 375.436 
1492 372.725 
1493 370.005 
1494 367.273 
1495 364.53 
1496 361.774 
1497 359.006 
1498 356.223 
1499 353.425 
1500 350.612 
1501 347.782 
1502 344.938 
1503 342.082 
1504 339.216 
1505 336.343 
1506 333.464 
1507 330.582 
1508 327.699 
1509 324.817 
1510 321.939 
1511 319.067 
1512 316.204 
1513 313.351 
1514 310.511 
1515 307.686 
1516 304.879 
1517 302.092 
1518 299.328 
1519 296.589 
1520 293.876 
1521 291.194 
1522 288.544 
1523 285.928 
1524 283.349 
1525 280.81 
1526 278.313 
1527 275.861 
1528 273.456 
1529 271.1 
1530 268.796 
1531 266.547 
1532 264.356 
1533 262.224 
1534 260.155 
1535 258.15 
1536 256.214 
1537 254.347 
1538 252.554 
1539 250.836 
1540 249.196 
1541 247.637 
1542 246.162 
1543 244.773 
1544 243.473 
1545 242.265 
1546 241.151 
1547 240.134 
1548 239.218 
1549 238.404 
1550 237.696 
1551 237.095 
1552 236.6 
1553 236.208 
1554 235.916 
1555 235.722 
1556 235.622 
1557 235.614 
1558 235.696 
1559 235.863 
1560 236.114 
1561 236.445 
1562 236.855 
1563 237.339 
1564 237.894 
1565 238.519 
1566 239.21 
1567 239.964 
1568 240.779 
1569 241.65 
1570 242.576 
1571 243.553 
1572 244.578 
1573 245.648 
1574 246.76 
1575 247.911 
1576 249.098 
1577 250.318 
1578 251.567 
1579 252.843 
1580 254.142 
1581 255.461 
1582 256.798 
1583 258.148 
1584 259.509 
1585 260.877 
1586 262.249 
1587 263.622 
1588 264.992 
1589 266.357 
1590 267.712 
1591 269.055 
1592 270.382 
1593 271.69 
1594 272.976 
1595 274.235 
1596 275.465 
1597 276.662 
1598 277.823 
1599 278.944 
1600 280.022 
1601 281.054 
1602 282.04 
1603 282.982 
1604 283.882 
1605 284.739 
1606 285.556 
1607 286.334 
1608 287.074 
1609 287.778 
1610 288.446 
1611 289.081 
1612 289.683 
1613 290.253 
1614 290.794 
1615 291.307 
1616 291.792 
1617 292.251 
1618 292.686 
1619 293.098 
1620 293.488 
1621 293.858 
1622 294.21 
1623 294.543 
1624 294.861 
1625 295.164 
1626 295.454 
1627 295.732 
1628 295.999 
1629 296.258 
1630 296.51 
1631 296.755 
1632 296.996 
1633 297.234 
1634 297.47 
1635 297.707 
1636 297.945 
1637 298.185 
1638 298.431 
1639 298.682 
1640 298.941 
1641 299.209 
1642 299.488 
1643 299.779 
1644 300.083 
1645 300.403 
1646 300.74 
1647 301.095 
1648 301.471 
1649 301.868 
1650 302.288 
1651 302.733 
1652 303.201 
1653 303.692 
1654 304.203 
1655 304.734 
1656 305.284 
1657 305.851 
1658 306.434 
1659 307.031 
1660 307.641 
1661 308.263 
1662 308.895 
1663 309.537 
1664 310.186 
1665 310.842 
1666 311.503 
1667 312.167 
1668 312.833 
1669 313.501 
1670 314.168 
1671 314.833 
1672 315.494 
1673 316.151 
1674 316.801 
1675 317.444 
1676 318.078 
1677 318.701 
1678 319.313 
1679 319.911 
1680 320.494 
1681 321.06 
1682 321.609 
1683 322.139 
1684 322.647 
1685 323.134 
1686 323.596 
1687 324.033 
1688 324.444 
1689 324.826 
1690 325.178 
1691 325.498 
1692 325.786 
1693 326.039 
1694 326.256 
1695 326.435 
1696 326.575 
1697 326.674 
1698 326.73 
1699 326.743 
1700 326.71 
1701 326.63 
1702 326.503 
1703 326.33 
1704 326.112 
1705 325.848 
1706 325.54 
1707 325.187 
1708 324.791 
1709 324.352 
1710 323.871 
1711 323.347 
1712 322.782 
1713 322.177 
1714 321.531 
1715 320.845 
1716 320.12 
1717 319.356 
1718 318.555 
1719 317.716 
1720 316.84 
1721 315.927 
1722 314.979 
1723 313.996 
1724 312.978 
1725 311.927 
1726 310.841 
1727 309.723 
1728 308.573 
1729 307.391 
1730 306.178 
1731 304.935 
1732 303.662 
1733 302.359 
1734 301.028 
1735 299.669 
1736 298.283 
1737 296.87 
1738 295.431 
1739 293.967 
1740 292.478 
1741 290.964 
1742 289.427 
1743 287.867 
1744 286.285 
1745 284.681 
1746 283.057 
1747 281.412 
1748 279.747 
1749 278.064 
1750 276.362 
1751 274.642 
1752 272.906 
1753 271.155 
1754 269.389 
1755 267.61 
1756 265.82 
1757 264.018 
1758 262.206 
1759 260.386 
1760 258.558 
1761 256.723 
1762 254.884 
1763 253.04 
1764 251.194 
1765 249.346 
1766 247.497 
1767 245.649 
1768 243.802 
1769 241.959 
1770 240.119 
1771 238.286 
1772 236.458 
1773 234.639 
1774 232.828 
1775 231.028 
1776 229.239 
1777 227.463 
1778 225.701 
1779 223.954 
1780 222.224 
1781 220.511 
1782 218.817 
1783 217.144 
1784 215.491 
1785 213.862 
1786 212.257 
1787 210.677 
1788 209.123 
1789 207.598 
1790 206.101 
1791 204.636 
1792 203.202 
1793 201.801 
1794 200.435 
1795 199.104 
1796 197.811 
1797 196.556 
1798 195.341 
1799 194.167 
1800 193.036 
1801 191.948 
1802 190.904 
1803 189.901 
1804 188.938 
1805 188.016 
1806 187.132 
1807 186.286 
1808 185.476 
1809 184.702 
1810 183.962 
1811 183.256 
1812 182.582 
1813 181.939 
1814 181.325 
1815 180.741 
1816 180.185 
1817 179.655 
1818 179.151 
1819 178.671 
1820 178.214 
1821 177.78 
1822 177.367 
1823 176.973 
1824 176.598 
1825 176.241 
1826 175.9 
1827 175.575 
1828 175.263 
1829 174.965 
1830 174.678 
1831 174.401 
1832 174.134 
1833 173.875 
1834 173.622 
1835 173.376 
1836 173.134 
1837 172.895 
1838 172.658 
1839 172.422 
1840 172.185 
1841 171.947 
1842 171.705 
1843 171.46 
1844 171.209 
1845 170.951 
1846 170.685 
1847 170.41 
1848 170.125 
1849 169.827 
1850 169.517 
1851 169.192 
1852 168.854 
1853 168.503 
1854 168.141 
1855 167.768 
1856 167.386 
1857 166.996 
1858 166.598 
1859 166.193 
1860 165.783 
1861 165.369 
1862 164.952 
1863 164.532 
1864 164.111 
1865 163.689 
1866 163.269 
1867 162.85 
1868 162.434 
1869 162.023 
1870 161.616 
1871 161.216 
1872 160.822 
1873 160.438 
1874 160.062 
1875 159.697 
1876 159.343 
1877 159.003 
1878 158.676 
1879 158.363 
1880 158.067 
1881 157.788 
1882 157.528 
1883 157.286 
1884 157.065 
1885 156.866 
1886 156.69 
1887 156.537 
1888 156.41 
1889 156.308 
1890 156.235 
1891 156.189 
1892 156.174 
1893 156.189 
1894 156.237 
1895 156.317 
1896 156.433 
1897 156.583 
1898 156.771 
1899 156.997 
1900 157.262 
1901 157.567 
1902 157.911 
1903 158.293 
1904 158.712 
1905 159.166 
1906 159.654 
1907 160.174 
1908 160.727 
1909 161.309 
1910 161.92 
1911 162.558 
1912 163.222 
1913 163.912 
1914 164.624 
1915 165.359 
1916 166.114 
1917 166.889 
1918 167.681 
1919 168.49 
1920 169.314 
1921 170.152 
1922 171.003 
1923 171.864 
1924 172.735 
1925 173.614 
1926 174.5 
1927 175.392 
1928 176.287 
1929 177.184 
1930 178.083 
1931 178.981 
1932 179.878 
1933 180.771 
1934 181.659 
1935 182.541 
1936 183.415 
1937 184.28 
1938 185.134 
1939 185.976 
1940 186.804 
1941 187.617 
1942 188.413 
1943 189.191 
1944 189.949 
1945 190.686 
1946 191.4 
1947 192.089 
1948 192.752 
1949 193.388 
1950 193.995 
1951 194.571 
1952 195.118 
1953 195.634 
1954 196.122 
1955 196.581 
1956 197.012 
1957 197.416 
1958 197.793 
1959 198.144 
1960 198.468 
1961 198.768 
1962 199.043 
1963 199.294 
1964 199.521 
1965 199.726 
1966 199.908 
1967 200.068 
1968 200.207 
1969 200.325 
1970 200.424 
1971 200.503 
1972 200.563 
1973 200.604 
1974 200.628 
1975 200.635 
1976 200.626 
1977 200.6 
1978 200.559 
1979 200.504 
1980 200.434 
1981 200.351 
1982 200.255 
1983 200.147 
1984 200.027 
1985 199.896 
1986 199.755 
1987 199.604 
1988 199.444 
1989 199.275 
1990 199.098 
1991 198.914 
1992 198.724 
1993 198.528 
1994 198.326 
1995 198.12 
1996 197.909 
1997 197.695 
1998 197.479 
1999 197.26 
2000 197.04 
