-20 0 1.017e-11 -1.04498e+09 1.10577e-06 5.90484e-06 1.32248e-31 0.591093 0.4089 0 
-19.7475 0 7.90043e-12 -3.80565e+08 1.42343e-06 7.60112e-06 3.63136e-31 0.591092 0.408899 0 
-19.4949 0 6.13735e-12 -1.38595e+08 1.83234e-06 9.78468e-06 9.97125e-31 0.59109 0.408898 0 
-19.2424 0 4.76773e-12 -5.04743e+07 2.35871e-06 1.25955e-05 2.73798e-30 0.591088 0.408897 0 
-18.9899 0 3.70375e-12 -1.83819e+07 3.03629e-06 1.62138e-05 7.51812e-30 0.591086 0.408895 0 
-18.7374 0 2.87722e-12 -6.69443e+06 3.9085e-06 2.08714e-05 2.06437e-29 0.591083 0.408893 0 
-18.4848 0 2.23514e-12 -2.43802e+06 5.03127e-06 2.6867e-05 5.66847e-29 0.591078 0.40889 0 
-18.2323 2.96421e+19 1.73634e-12 -887895 6.47656e-06 3.45848e-05 1.55648e-28 0.591073 0.408886 0 
-17.9798 7.92416e+19 1.34886e-12 -323361 8.33699e-06 4.45195e-05 4.27385e-28 0.591066 0.408881 0 
-17.7273 1.43089e+20 1.04785e-12 -117765 1.07318e-05 5.73079e-05 1.17353e-27 0.591057 0.408875 0 
-17.4747 2.25278e+20 8.1402e-13 -42889.2 1.38145e-05 7.37694e-05 3.22231e-27 0.591046 0.408867 0 
-17.2222 3.31075e+20 6.32368e-13 -15620.1 1.77826e-05 9.49589e-05 8.84785e-27 0.591031 0.408857 0 
-16.9697 4.67264e+20 4.91255e-13 -5688.83 2.28903e-05 0.000122234 2.42943e-26 0.591012 0.408843 0 
-16.7172 6.42572e+20 3.81633e-13 -2071.9 2.94648e-05 0.000157342 6.67065e-26 0.590987 0.408826 0 
-16.4646 8.68236e+20 2.96474e-13 -754.61 3.79271e-05 0.000202531 1.83158e-25 0.590955 0.408804 0 
-16.2121 1.15872e+21 2.3032e-13 -274.844 4.88191e-05 0.000260694 5.02895e-25 0.590914 0.408776 0 
-15.9596 1.53263e+21 1.78929e-13 -100.107 6.28379e-05 0.000335555 1.38077e-24 0.590862 0.40874 0 
-15.7071 2.01394e+21 1.39006e-13 -36.4633 8.08803e-05 0.000431901 3.79098e-24 0.590794 0.408693 0 
-15.4545 2.63347e+21 1.07993e-13 -13.2822 0.0001041 0.000555892 1.0408e-23 0.590707 0.408633 0 
-15.202 3.43091e+21 8.39011e-14 -4.83853 0.000133979 0.000715448 2.85738e-23 0.590595 0.408555 0 
-14.9495 4.45732e+21 6.51854e-14 -1.76275 0.000172425 0.000920752 7.8441e-23 0.590451 0.408456 0 
-14.697 5.7784e+21 5.06463e-14 -0.642265 0.000221889 0.00118489 2.15322e-22 0.590266 0.408327 0 
-14.4444 7.47868e+21 3.93519e-14 -0.234043 0.000285516 0.00152465 5.91009e-22 0.590027 0.408163 0 
-14.1919 9.66691e+21 3.05779e-14 -0.0853009 0.000367345 0.00196162 1.62199e-21 0.589721 0.40795 0 
-13.9394 1.24829e+22 2.3762e-14 -0.0310963 0.000472557 0.00252346 4.45082e-21 0.589326 0.407678 0 
-13.6869 1.61065e+22 1.84671e-14 -0.0113393 0.000607787 0.00324558 1.22109e-20 0.58882 0.407327 0 
-13.4343 2.07687e+22 1.43539e-14 -0.00413645 0.000781522 0.00417333 3.34926e-20 0.588168 0.406877 0 
-13.1818 2.67665e+22 1.11586e-14 -0.00150964 0.0010046 0.00536457 9.18359e-20 0.587332 0.406298 0 
-12.9293 3.4481e+22 8.6763e-15 -0.000551296 0.00129083 0.00689305 2.5171e-19 0.58626 0.405556 0 
-12.6768 4.44013e+22 6.74799e-15 -0.000201482 0.00165776 0.00885241 6.89543e-19 0.584885 0.404605 0 
-12.4242 5.71543e+22 5.24999e-15 -7.37093e-05 0.00212756 0.0113612 1.8877e-18 0.583124 0.403387 0 
-12.1717 7.35426e+22 4.08628e-15 -2.70002e-05 0.00272818 0.0145685 5.16339e-18 0.580873 0.40183 0 
-11.9192 9.45924e+22 3.18225e-15 -9.90661e-06 0.00349454 0.0186608 1.41079e-17 0.578001 0.399843 0 
-11.6667 1.21613e+23 2.47994e-15 -3.64246e-06 0.00446997 0.0238697 3.84937e-17 0.574346 0.397315 0 
-11.4141 1.5627e+23 1.93433e-15 -1.34284e-06 0.0057076 0.0304786 1.04845e-16 0.569708 0.394106 0 
-11.1616 2.00677e+23 1.51045e-15 -4.96737e-07 0.00727165 0.0388306 2.84931e-16 0.563846 0.390051 0 
-10.9091 2.57507e+23 1.18112e-15 -1.84541e-07 0.00923824 0.0493322 7.72159e-16 0.556476 0.384953 0 
-10.6566 3.30119e+23 9.25223e-16 -6.89297e-08 0.0116953 0.0624531 2.08517e-15 0.547268 0.378583 0 
-10.404 4.22711e+23 7.26362e-16 -2.59212e-08 0.0147411 0.0787174 5.60621e-15 0.535854 0.370687 0 
-10.1515 5.40492e+23 5.71789e-16 -9.83e-09 0.0184797 0.0986814 1.49915e-14 0.521844 0.360995 0 
-9.89899 6.89864e+23 4.516e-16 -3.76655e-09 0.0230138 0.122894 3.98244e-14 0.504852 0.349241 0 
-9.64646 8.7861e+23 3.58096e-16 -1.46152e-09 0.0284332 0.151833 1.04954e-13 0.484542 0.335191 0 
-9.39394 1.11607e+24 2.85294e-16 -5.75752e-10 0.0347992 0.185828 2.74001e-13 0.460685 0.318688 0 
-9.14141 1.41331e+24 2.28542e-16 -2.3091e-10 0.0421261 0.224953 7.0753e-13 0.433228 0.299693 0 
-8.88889 1.78318e+24 1.84225e-16 -9.45542e-11 0.0503636 0.268941 1.80435e-12 0.402357 0.278338 0 
-8.63636 2.2404e+24 1.49532e-16 -3.96453e-11 0.0593844 0.317113 4.53825e-12 0.368551 0.254952 0 
-8.38384 2.80156e+24 1.22283e-16 -1.70656e-11 0.0689829 0.368369 1.12452e-11 0.33258 0.230068 0 
-8.13131 3.48501e+24 1.00785e-16 -7.55831e-12 0.0788883 0.421264 2.74316e-11 0.295459 0.204389 0 
-7.87879 4.31086e+24 8.37292e-17 -3.44967e-12 0.088793 0.474155 6.58609e-11 0.25834 0.178712 0 
-7.62626 5.30091e+24 7.01063e-17 -1.62372e-12 0.0983893 0.525399 1.55671e-10 0.222378 0.153834 0 
-7.37374 6.47876e+24 5.91398e-17 -7.88089e-13 0.107407 0.573553 3.62496e-10 0.188584 0.130457 0 
-7.12121 7.87e+24 5.0235e-17 -3.94044e-13 0.11564 0.617519 8.32513e-10 0.157729 0.109112 0 
-6.86869 9.50253e+24 4.29377e-17 -2.02611e-13 0.122963 0.65662 1.88828e-09 0.130288 0.0901293 0 
-6.61616 1.1407e+25 3.69021e-17 -1.06885e-13 0.129324 0.690589 4.23626e-09 0.106449 0.073638 0 
-6.36364 1.36175e+25 3.18646e-17 -5.76932e-14 0.134739 0.719505 9.41473e-09 0.0861558 0.0595999 0 
-6.11111 1.61721e+25 2.76244e-17 -3.17714e-14 0.139269 0.743696 2.07577e-08 0.0691792 0.047856 0 
-5.85859 1.91137e+25 2.40276e-17 -1.77993e-14 0.143004 0.763641 4.54658e-08 0.0551822 0.0381733 0 
-5.60606 2.24908e+25 2.09558e-17 -1.01168e-14 0.146047 0.779888 9.90465e-08 0.0437796 0.0302854 0 
-5.35354 2.63585e+25 1.83168e-17 -5.81955e-15 0.148501 0.792995 2.14827e-07 0.0345812 0.0239222 0 
-5.10101 3.07792e+25 1.60384e-17 -3.3806e-15 0.150465 0.803485 4.64308e-07 0.0272193 0.0188295 0 
-4.84848 3.58242e+25 1.40632e-17 -1.97947e-15 0.152028 0.811828 1.0007e-06 0.0213645 0.0147793 0 
-4.59596 4.15744e+25 1.2345e-17 -1.16647e-15 0.153264 0.818428 2.15194e-06 0.0167316 0.0115744 0 
-4.34343 4.81219e+25 1.08462e-17 -6.90896e-16 0.154238 0.823629 4.61948e-06 0.0130804 0.00904858 0 
-4.09091 5.55713e+25 9.53608e-18 -4.10868e-16 0.155002 0.827712 9.90266e-06 0.0102117 0.00706412 0 
-3.83838 6.40418e+25 8.38877e-18 -2.45118e-16 0.1556 0.830906 2.12049e-05 0.00796341 0.00550884 0 
-3.58586 7.36685e+25 7.38269e-18 -1.46599e-16 0.156066 0.833392 4.53674e-05 0.00620478 0.00429227 0 
-3.33333 8.46051e+25 6.49952e-18 -8.78481e-17 0.156424 0.835306 9.69953e-05 0.00483117 0.00334205 0 
-3.08081 9.70259e+25 5.72366e-18 -5.27202e-17 0.156693 0.83674 0.000207256 0.00375947 0.00260068 0 
-2.82828 1.11129e+26 5.04175e-18 -3.16731e-17 0.156879 0.837732 0.000442621 0.00292396 0.0020227 0 
-2.57576 1.27136e+26 4.44237e-18 -1.90413e-17 0.156973 0.838237 0.000944724 0.00227281 0.00157226 0 
-2.32323 1.453e+26 3.91585e-18 -1.14491e-17 0.15694 0.838059 0.00201476 0.00176522 0.00122113 0 
-2.07071 1.659e+26 3.45415e-18 -6.87947e-18 0.156687 0.836706 0.00429075 0.00136908 0.000947085 0 
-1.81818 1.89239e+26 3.05104e-18 -4.12429e-18 0.156009 0.833087 0.009113 0.00105895 0.000732548 0 
-1.56566 2.15628e+26 2.70245e-18 -2.45828e-18 0.154475 0.824899 0.0192479 0.000814545 0.000563477 0 
-1.31313 2.45345e+26 2.40737e-18 -1.44437e-18 0.151224 0.807535 0.0401934 0.000619449 0.000428515 0 
-1.06061 2.78531e+26 2.16935e-18 -8.16393e-19 0.144669 0.772532 0.0820202 0.000460352 0.000318457 0 
-0.808081 3.14987e+26 1.99874e-18 -4.05535e-19 0.132388 0.706953 0.160105 0.000327261 0.000226389 0 
-0.555556 3.53847e+26 1.9147e-18 -8.73346e-20 0.112071 0.598458 0.289108 0.000215212 0.000148877 0 
-0.30303 3.93302e+26 1.94439e-18 2.7467e-19 0.084422 0.450813 0.464552 0.000125939 8.71205e-05 0 
-0.0505051 4.30845e+26 2.11726e-18 9.30037e-19 0.0553103 0.295357 0.649225 6.40972e-05 4.43405e-05 0 
0.20202 4.37908e+26 2.45847e-18 2.48667e-18 0.0318679 0.170174 0.797909 2.86891e-05 1.98462e-05 0 
0.454545 4.37908e+26 2.99002e-18 6.5647e-18 0.0167365 0.0893727 0.893871 1.17046e-05 8.09688e-06 0 
0.707071 4.37908e+26 3.7389e-18 1.758e-17 0.00831485 0.0444013 0.947276 4.51728e-06 3.12491e-06 0 
0.959596 4.37908e+26 4.7451e-18 4.76342e-17 0.00401033 0.0214152 0.974572 1.69252e-06 1.17083e-06 0 
1.21212 4.37908e+26 6.06684e-18 1.29937e-16 0.00190579 0.0101769 0.987916 6.24824e-07 4.32234e-07 0 
1.46465 4.37908e+26 7.78457e-18 3.5566e-16 0.000899211 0.00480179 0.994299 2.2902e-07 1.58429e-07 0 
1.71717 4.37908e+26 1.00057e-17 9.75128e-16 0.000422832 0.00225792 0.997319 8.36584e-08 5.78723e-08 0 
1.9697 4.37908e+26 1.28708e-17 2.67568e-15 0.000198507 0.00106003 0.998741 3.05103e-08 2.11061e-08 0 
2.22222 4.37908e+26 1.65627e-17 7.34464e-15 9.31227e-05 0.000497275 0.99941 1.11188e-08 7.69161e-09 0 
2.47475 4.37908e+26 2.13174e-17 2.01643e-14 4.36698e-05 0.000233197 0.999723 4.05052e-09 2.80203e-09 0 
2.72727 4.37908e+26 2.74393e-17 5.53647e-14 2.04755e-05 0.000109339 0.99987 1.47535e-09 1.0206e-09 0 
2.9798 4.37908e+26 3.53206e-17 1.5202e-13 9.59959e-06 5.12618e-05 0.999939 5.37332e-10 3.71709e-10 0 
3.23232 4.37908e+26 4.54665e-17 4.17421e-13 4.50045e-06 2.40324e-05 0.999971 1.95693e-10 1.35374e-10 0 
3.48485 4.37908e+26 5.85273e-17 1.14618e-12 2.10985e-06 1.12666e-05 0.999987 7.1269e-11 4.93017e-11 0 
3.73737 4.37908e+26 7.53403e-17 3.14725e-12 9.89107e-07 5.28183e-06 0.999994 2.59551e-11 1.79549e-11 0 
3.9899 4.37908e+26 9.69832e-17 8.64196e-12 4.63697e-07 2.47614e-06 0.999997 9.45241e-12 6.53888e-12 0 
4.24242 4.37908e+26 1.24844e-16 2.37298e-11 2.17382e-07 1.16082e-06 0.999999 3.4424e-12 2.38135e-12 0 
4.49495 4.37908e+26 1.60708e-16 6.5159e-11 1.01909e-07 5.44195e-07 0.999999 1.25366e-12 8.67245e-13 0 
4.74747 4.37908e+26 2.06875e-16 1.78919e-10 4.77752e-08 2.55119e-07 1 4.56562e-13 3.15835e-13 0 
5 4.37908e+26 2.66304e-16 4.91289e-10 2.23971e-08 1.196e-07 1 1.66272e-13 1.15022e-13 0 
