# power spectrum of delta
# redshift z=0.000000
# k              Pk             sigma(k)       sigma(Pk)      count
  2.094395e-02   5.750526e-03   0.000000e+00   2.218118e-03   6
  2.961922e-02   3.324010e-02   0.000000e+00   7.490236e-03   12
  3.627599e-02   3.615068e-02   3.973643e-10   1.050957e-02   8
  4.188790e-02   5.329382e-02   0.000000e+00   1.296283e-02   6
  4.683210e-02   7.214346e-02   0.000000e+00   9.207709e-03   24
  5.130199e-02   8.009534e-02   7.492773e-10   1.598558e-02   24
  5.923844e-02   4.338367e-02   0.000000e+00   1.001097e-02   12
  6.283185e-02   1.354765e-01   8.477105e-10   1.450101e-02   30
  6.623059e-02   9.471292e-02   0.000000e+00   1.857360e-02   24
  6.946323e-02   1.464214e-01   1.297786e-09   2.816973e-02   24
  7.255197e-02   3.346074e-01   7.947286e-10   1.129315e-01   8
  7.551449e-02   1.677072e-01   1.059638e-09   3.169276e-02   24
  7.836509e-02   1.394461e-01   0.000000e+00   1.540100e-02   48
  8.377580e-02   1.502550e-01   0.000000e+00   1.265016e-02   6
  8.635412e-02   2.554338e-01   1.498555e-09   2.875159e-02   48
  8.885766e-02   2.269072e-01   0.000000e+00   3.225955e-02   36
  9.129257e-02   1.312326e-01   1.059638e-09   3.600584e-02   24
  9.366420e-02   1.478808e-01   0.000000e+00   3.114757e-02   24
  9.597724e-02   2.179839e-01   0.000000e+00   3.452667e-02   48
  9.823584e-02   3.334889e-01   1.498555e-09   6.020719e-02   24
  1.026040e-01   2.208291e-01   1.498555e-09   4.457088e-02   24
  1.047198e-01   2.744648e-01   0.000000e+00   4.955321e-02   30
  1.067936e-01   3.057364e-01   0.000000e+00   3.223942e-02   72
  1.088280e-01   3.585595e-01   1.589457e-09   6.330727e-02   32
  1.127866e-01   3.349624e-01   0.000000e+00   4.754819e-02   72
  1.147147e-01   2.882765e-01   0.000000e+00   3.877548e-02   48
  1.184769e-01   2.419209e-01   0.000000e+00   4.133664e-02   12
  1.203138e-01   4.238615e-01   0.000000e+00   5.514008e-02   48
  1.221232e-01   4.164445e-01   0.000000e+00   5.661863e-02   48
  1.239061e-01   2.939414e-01   1.498555e-09   4.225216e-02   48
  1.256637e-01   3.150110e-01   1.695421e-09   6.297508e-02   30
  1.273971e-01   3.132864e-01   1.498555e-09   5.251494e-02   24
  1.291072e-01   4.360512e-01   3.159231e-09   3.856822e-02   72
  1.324612e-01   4.186762e-01   0.000000e+00   1.599715e-01   24
  1.341067e-01   5.004661e-01   0.000000e+00   4.712062e-02   96
  1.357323e-01   3.498039e-01   0.000000e+00   4.561399e-02   48
  1.373387e-01   3.991683e-01   2.595573e-09   6.870197e-02   24
  1.389265e-01   7.292949e-01   2.595573e-09   1.192907e-01   24
  1.404963e-01   4.610469e-01   0.000000e+00   5.620866e-02   72
  1.420488e-01   4.949935e-01   0.000000e+00   6.271428e-02   48
  1.451039e-01   5.501943e-01   1.589457e-09   2.587574e-01   8
  1.466077e-01   5.537058e-01   1.883801e-09   6.033285e-02   54
  1.480961e-01   6.989443e-01   0.000000e+00   8.875736e-02   84
  1.495697e-01   4.476859e-01   0.000000e+00   6.657310e-02   48
  1.510290e-01   4.679905e-01   2.119276e-09   1.309358e-01   24
  1.524743e-01   4.497455e-01   1.998073e-09   5.908770e-02   72
  1.539060e-01   4.607473e-01   0.000000e+00   4.521823e-02   96
  1.567302e-01   4.170759e-01   0.000000e+00   5.291115e-02   48
  1.581234e-01   3.992961e-01   0.000000e+00   5.766290e-02   48
  1.595044e-01   3.524971e-01   2.119276e-09   7.187485e-02   24
  1.608735e-01   4.189291e-01   0.000000e+00   4.778754e-02   72
  1.635775e-01   5.486126e-01   1.998073e-09   6.322594e-02   72
  1.649128e-01   5.413086e-01   0.000000e+00   5.087188e-02   96
  1.675516e-01   2.730772e-01   0.000000e+00   1.037447e-01   6
  1.688555e-01   6.037914e-01   0.000000e+00   6.431947e-02   96
  1.701495e-01   5.611772e-01   2.119276e-09   5.792087e-02   96
  1.714336e-01   8.539598e-01   0.000000e+00   1.633501e-01   24
  1.727082e-01   5.424075e-01   2.997109e-09   7.713622e-02   48
  1.739735e-01   4.914500e-01   0.000000e+00   5.524466e-02   96
  1.752297e-01   4.033542e-01   0.000000e+00   6.282540e-02   48
  1.777153e-01   7.725057e-01   0.000000e+00   1.270145e-01   36
  1.789452e-01   4.738229e-01   3.670694e-09   9.833862e-02   48
  1.801667e-01   5.557746e-01   4.152916e-09   5.558258e-02   120
  1.813799e-01   7.773000e-01   0.000000e+00   1.171194e-01   56
  1.825851e-01   3.991761e-01   2.119276e-09   1.017743e-01   24
  1.837824e-01   4.758845e-01   0.000000e+00   4.679962e-02   96
  1.849720e-01   7.538977e-01   0.000000e+00   1.017277e-01   48
  1.873284e-01   5.504678e-01   0.000000e+00   1.134277e-01   24
  1.884956e-01   7.096316e-01   0.000000e+00   7.052423e-02   102
  1.896555e-01   7.647495e-01   0.000000e+00   1.420415e-01   48
  1.908085e-01   6.886424e-01   0.000000e+00   7.089695e-02   72
  1.919545e-01   6.213852e-01   0.000000e+00   8.427811e-02   48
  1.930937e-01   8.645053e-01   0.000000e+00   1.407959e-01   48
  1.942262e-01   6.491438e-01   4.795375e-09   6.198716e-02   120
  1.964717e-01   4.371738e-01   2.997109e-09   1.031962e-01   24
  1.975848e-01   7.202584e-01   2.825702e-09   5.754538e-02   144
  1.986918e-01   5.769888e-01   3.390842e-09   4.742127e-02   120
  1.997926e-01   8.517769e-01   2.997109e-09   1.271622e-01   48
  2.019761e-01   5.553635e-01   2.997109e-09   9.896445e-02   48
  2.030591e-01   5.749726e-01   2.997109e-09   6.528335e-02   96
  2.059187e-01   7.553532e-01   5.025279e-04   9.917769e-02   72
  2.073345e-01   7.012994e-01   3.767602e-09   6.795928e-02   108
  2.083897e-01   6.012420e-01   0.000000e+00   6.474677e-02   72
  2.094395e-01   7.392277e-01   0.000000e+00   9.642004e-02   30
  2.104841e-01   8.509774e-01   0.000000e+00   6.701106e-02   168
  2.115235e-01   9.782750e-01   0.000000e+00   1.414507e-01   48
  2.135872e-01   8.364727e-01   0.000000e+00   1.191267e-01   72
  2.146116e-01   1.035954e+00   0.000000e+00   9.464460e-02   96
  2.156312e-01   7.468361e-01   5.651403e-09   8.300499e-02   72
  2.166459e-01   8.370644e-01   0.000000e+00   8.105610e-02   72
  2.183519e-01   7.058894e-01   4.640051e-04   6.267709e-02   104
  2.196620e-01   7.393194e-01   3.996146e-09   6.671996e-02   144
  2.226373e-01   1.030646e+00   6.701740e-09   1.246223e-01   96
  2.236202e-01   7.600217e-01   0.000000e+00   8.026957e-02   96
  2.251835e-01   5.952229e-01   4.773581e-04   4.867301e-02   120
  2.265435e-01   8.177651e-01   0.000000e+00   7.200151e-02   120
  2.275095e-01   8.090883e-01   0.000000e+00   7.337875e-02   72
  2.294295e-01   1.342917e+00   0.000000e+00   2.104251e-01   48
  2.303835e-01   6.593152e-01   4.517777e-09   6.820396e-02   78
  2.316038e-01   7.131938e-01   4.274285e-04   5.156164e-02   168
  2.341605e-01   8.652891e-01   3.996146e-09   1.075966e-01   144
  2.350953e-01   9.799053e-01   3.996146e-09   7.710417e-02   144
  2.378065e-01   9.359630e-01   2.461643e-04   7.316651e-02   156
  2.387978e-01   6.871872e-01   5.191145e-09   8.507054e-02   48
  2.397145e-01   8.236737e-01   3.390842e-09   8.152673e-02   120
  2.406277e-01   9.225494e-01   0.000000e+00   1.440499e-01   48
  2.422424e-01   8.398111e-01   3.767994e-04   5.534009e-02   216
  2.442463e-01   8.288585e-01   0.000000e+00   1.329195e-01   48
  2.451427e-01   8.168697e-01   2.997109e-09   8.502464e-02   96
  2.464171e-01   8.973936e-01   4.403490e-04   6.614094e-02   168
  2.478122e-01   1.038561e+00   2.997109e-09   1.452863e-01   48
  2.486956e-01   8.742866e-01   0.000000e+00   7.508413e-02   96
  2.495760e-01   6.247845e-01   0.000000e+00   7.998633e-02   48
  2.513274e-01   6.893444e-01   3.390842e-09   1.562620e-01   30
  2.521986e-01   9.869449e-01   2.997109e-09   7.795630e-02   96
  2.532398e-01   9.959931e-01   3.460752e-04   7.282075e-02   240
  2.545786e-01   8.055287e-01   3.733652e-04   1.011085e-01   32
  2.556535e-01   9.093993e-01   0.000000e+00   6.929153e-02   168
  2.565100e-01   9.226196e-01   0.000000e+00   7.946873e-02   120
  2.582144e-01   9.170870e-01   6.318461e-09   1.227794e-01   72
  2.590624e-01   9.150138e-01   3.996146e-09   7.333486e-02   144
  2.599076e-01   8.639149e-01   0.000000e+00   1.030854e-01   96
  2.607501e-01   9.252367e-01   0.000000e+00   1.044741e-01   96
  2.624270e-01   1.571270e+00   4.894259e-09   1.605599e-01   72
  2.632614e-01   8.985622e-01   4.238553e-09   1.078162e-01   96
  2.649224e-01   1.433282e+00   0.000000e+00   6.029139e-01   24
  2.657489e-01   1.048149e+00   0.000000e+00   6.673496e-02   192
  2.667223e-01   8.724432e-01   3.168444e-04   7.301590e-02   132
  2.682134e-01   9.667590e-01   0.000000e+00   8.591433e-02   96
  2.690299e-01   9.233410e-01   0.000000e+00   1.251604e-01   96
  2.698439e-01   8.862793e-01   3.390842e-09   1.158988e-01   120
  2.714646e-01   1.071031e+00   0.000000e+00   1.726357e-01   48
  2.727931e-01   1.143352e+00   3.839899e-04   7.661694e-02   222
  2.738777e-01   7.085218e-01   0.000000e+00   6.458407e-02   120
  2.746773e-01   8.677746e-01   5.191145e-09   2.096874e-01   24
  2.758416e-01   1.133846e+00   3.963334e-04   6.814432e-02   312
  2.783784e-01   1.094343e+00   3.715784e-04   1.297139e-01   72
  2.794272e-01   1.171029e+00   2.997109e-09   1.501296e-01   96
  2.805041e-01   9.671591e-01   3.784012e-04   7.910653e-02   192
  2.817720e-01   1.156302e+00   4.795375e-09   1.002224e-01   120
  2.825493e-01   1.123830e+00   0.000000e+00   1.034005e-01   144
  2.840976e-01   1.051978e+00   0.000000e+00   1.612614e-01   48
  2.851981e-01   1.088865e+00   3.804956e-04   5.494654e-02   336
  2.864042e-01   9.743778e-01   0.000000e+00   1.673274e-01   48
  2.879317e-01   9.135879e-01   0.000000e+00   7.631915e-02   192
  2.886924e-01   7.235500e-01   0.000000e+00   8.204479e-02   48
  2.908548e-01   8.268890e-01   2.641139e-04   8.933863e-02   56
  2.919300e-01   1.052102e+00   3.392119e-04   5.886949e-02   336
  2.932153e-01   1.025397e+00   3.767602e-09   1.423014e-01   54
  2.943349e-01   1.142468e+00   3.725765e-04   7.729871e-02   240
  2.966593e-01   8.634337e-01   3.567449e-04   5.110777e-02   228
  2.976695e-01   9.546267e-01   3.996146e-09   1.337928e-01   72
  2.986501e-01   1.009195e+00   3.460513e-04   7.952819e-02   144
  2.998717e-01   9.084945e-01   0.000000e+00   9.492447e-02   96
  3.006022e-01   1.023288e+00   4.795375e-09   6.185461e-02   240
  3.020580e-01   1.020966e+00   4.238553e-09   2.099972e-01   24
  3.029899e-01   1.023001e+00   3.268428e-04   6.314862e-02   336
  3.042285e-01   1.072193e+00   0.000000e+00   1.117205e-01   72
  3.053590e-01   1.163015e+00   3.555020e-04   9.441733e-02   168
  3.063836e-01   1.504104e+00   0.000000e+00   1.600146e-01   72
  3.078120e-01   1.394831e+00   0.000000e+00   1.517322e-01   96
  3.089181e-01   8.734030e-01   3.528351e-04   6.759838e-02   216
  3.099422e-01   9.798887e-01   4.238553e-09   1.438539e-01   96
  3.113542e-01   1.118924e+00   0.000000e+00   7.714415e-02   192
  3.120578e-01   1.386952e+00   3.996146e-09   1.148499e-01   144
  3.134604e-01   8.482781e-01   0.000000e+00   1.152284e-01   48
  3.144314e-01   1.136894e+00   3.401745e-04   7.041450e-02   246
  3.157508e-01   1.253468e+00   3.136463e-04   1.019488e-01   168
  3.169395e-01   1.236590e+00   5.873111e-09   1.317656e-01   120
  3.176307e-01   1.235980e+00   0.000000e+00   9.029769e-02   240
  3.190088e-01   1.741015e+00   4.238553e-09   2.810824e-01   24
  3.201067e-01   1.131080e+00   3.357307e-04   5.731691e-02   360
  3.214741e-01   1.247151e+00   3.343020e-04   1.102606e-01   120
  3.224280e-01   1.377973e+00   0.000000e+00   1.102333e-01   144
  3.231075e-01   1.563664e+00   0.000000e+00   1.838386e-01   96
  3.251376e-01   1.366476e+00   0.000000e+00   1.224804e-01   144
  3.258114e-01   1.204708e+00   0.000000e+00   9.810672e-02   132
  3.267584e-01   1.129628e+00   3.299511e-04   9.057113e-02   176
  3.281332e-01   1.036790e+00   3.331842e-04   6.252957e-02   312
  3.298257e-01   1.131659e+00   0.000000e+00   1.169692e-01   96
  3.304900e-01   1.185681e+00   0.000000e+00   9.166278e-02   144
  3.315092e-01   1.218819e+00   3.298422e-04   7.393845e-02   312
  3.331339e-01   6.520801e-01   0.000000e+00   1.134958e-01   48
  3.337917e-01   1.251126e+00   4.238553e-09   9.052315e-02   192
  3.351032e-01   4.763545e-01   0.000000e+00   3.227327e-02   6
  3.359746e-01   1.052182e+00   3.076337e-04   6.405072e-02   288
  3.373860e-01   1.128382e+00   3.250350e-04   7.356015e-02   192
  3.383599e-01   1.222129e+00   9.968139e-09   9.663354e-02   216
  3.390075e-01   1.232989e+00   0.000000e+00   1.382842e-01   72
  3.406209e-01   1.211687e+00   3.219482e-04   9.135909e-02   192
  3.416924e-01   1.166412e+00   2.390639e-04   7.589319e-02   288
  3.428673e-01   1.440856e+00   0.000000e+00   3.439642e-01   24
  3.437749e-01   1.108260e+00   3.149468e-04   5.343545e-02   456
  3.454165e-01   8.739539e-01   5.994218e-09   1.136743e-01   48
  3.464308e-01   1.202626e+00   3.102100e-04   7.130761e-02   240
  3.475965e-01   1.207588e+00   3.135021e-04   8.661500e-02   216
  3.485768e-01   1.350004e+00   0.000000e+00   1.499610e-01   72
  3.492054e-01   1.707285e+00   1.083165e-08   1.233595e-01   168
  3.509804e-01   1.133999e+00   2.330216e-04   7.635907e-02   288
  3.519758e-01   1.160911e+00   3.083274e-04   8.298859e-02   168
  3.535746e-01   1.009453e+00   0.000000e+00   9.251063e-02   192
  3.541944e-01   1.428383e+00   3.996146e-09   1.081466e-01   144
  3.554306e-01   1.670639e+00   0.000000e+00   2.386301e-01   36
  3.564791e-01   1.271230e+00   2.815685e-04   6.602133e-02   342
  3.574815e-01   1.488855e+00   2.891367e-04   1.309773e-01   144
  3.587701e-01   1.282919e+00   3.032320e-04   7.783594e-02   384
  3.603334e-01   1.153912e+00   8.305833e-09   1.007606e-01   120
  3.611071e-01   1.590590e+00   2.703947e-04   9.665317e-02   264
  3.621548e-01   1.220203e+00   1.340348e-08   1.000468e-01   192
  3.631414e-01   1.196261e+00   2.914020e-04   9.688809e-02   152
  3.639671e-01   1.386956e+00   7.992291e-09   1.279444e-01   144
  3.657037e-01   1.309159e+00   1.885982e-04   9.073274e-02   216
  3.665075e-01   1.416334e+00   2.520176e-04   7.890032e-02   312
  3.679226e-01   1.248104e+00   2.920833e-04   7.946644e-02   240
  3.687563e-01   9.312808e-01   4.238553e-09   9.839455e-02   96
  3.703389e-01   1.267469e+00   2.792528e-04   1.406074e-01   144
  3.713142e-01   1.045989e+00   2.744809e-04   5.713101e-02   456
  3.728964e-01   1.243372e+00   0.000000e+00   1.170885e-01   120
  3.734841e-01   1.158043e+00   0.000000e+00   1.164345e-01   144
  3.746568e-01   1.034618e+00   0.000000e+00   2.025343e-01   24
  3.754086e-01   1.188167e+00   2.638397e-04   6.548828e-02   336
  3.767088e-01   1.281957e+00   2.909793e-04   9.536978e-02   198
  3.779272e-01   1.277782e+00   2.829607e-04   6.117495e-02   432
  3.793111e-01   1.217240e+00   0.000000e+00   1.692954e-01   48
  3.800331e-01   1.385037e+00   2.498053e-04   7.656268e-02   384
  3.813294e-01   1.102000e+00   2.875789e-04   8.849210e-02   144
  3.825040e-01   1.365010e+00   2.855280e-04   9.936370e-02   264
  3.839090e-01   1.344521e+00   0.000000e+00   1.723086e-01   48
  3.848516e-01   1.424790e+00   2.714905e-04   8.276796e-02   276
  3.857611e-01   1.202917e+00   2.460988e-04   9.654377e-02   192
  3.869766e-01   1.180846e+00   2.765609e-04   5.374455e-02   552
  3.884524e-01   1.427226e+00   9.590750e-09   1.526908e-01   120
  3.893296e-01   1.311742e+00   2.799479e-04   8.609696e-02   216
  3.901426e-01   1.682927e+00   4.795375e-09   1.444533e-01   120
  3.915948e-01   1.242648e+00   2.756800e-04   6.094077e-02   408
  3.929434e-01   1.103837e+00   5.994218e-09   2.023671e-01   24
  3.937796e-01   1.255337e+00   2.784864e-04   6.968468e-02   384
  3.949475e-01   1.508258e+00   2.720912e-04   9.267005e-02   240
  3.959617e-01   1.559590e+00   2.740837e-04   1.223937e-01   168
  3.973835e-01   1.336137e+00   6.781684e-09   1.193923e-01   120
  3.983001e-01   1.285279e+00   2.857179e-04   6.630360e-02   350
  3.997906e-01   1.585822e+00   4.703469e-04   8.853821e-02   384
  4.006814e-01   1.454809e+00   0.000000e+00   1.376664e-01   144
  4.023202e-01   1.312617e+00   1.130281e-08   7.534473e-02   288
  4.031758e-01   1.544036e+00   2.692323e-04   8.870608e-02   336
  4.043399e-01   1.301274e+00   2.451137e-04   1.010032e-01   168
  4.050367e-01   1.307182e+00   4.844060e-09   6.244187e-02   336
  4.064781e-01   1.226234e+00   2.544134e-04   7.537405e-02   288
  4.073437e-01   1.458040e+00   2.397224e-04   1.019790e-01   264
  4.088096e-01   1.498830e+00   0.000000e+00   1.128692e-01   240
  4.093458e-01   1.261974e+00   8.477105e-09   1.631633e-01   96
  4.112700e-01   1.556678e+00   3.260064e-04   9.106881e-02   360
  4.121680e-01   1.518631e+00   2.403227e-04   1.384000e-01   168
  4.133027e-01   1.301951e+00   2.619767e-04   6.107548e-02   456
  4.146691e-01   1.412736e+00   7.535204e-09   1.352896e-01   108
  4.154376e-01   1.241973e+00   2.628599e-04   7.138138e-02   264
  4.163964e-01   1.230654e+00   2.345138e-04   8.170265e-02   264
  4.177093e-01   1.383414e+00   2.212980e-04   7.797211e-02   312
  4.193442e-01   1.227126e+00   1.644485e-04   7.982075e-02   270
  4.200293e-01   1.517386e+00   2.087881e-04   9.673220e-02   240
  4.212611e-01   1.451162e+00   2.582972e-04   7.972651e-02   384
  4.220089e-01   1.312618e+00   0.000000e+00   8.612207e-02   192
  4.234616e-01   1.405747e+00   2.072491e-04   9.277470e-02   240
  4.243042e-01   1.569440e+00   2.557789e-04   1.065037e-01   336
  4.258889e-01   1.313745e+00   2.574903e-04   5.756759e-02   480
  4.271745e-01   1.910506e+00   0.000000e+00   2.791138e-01   72
  4.278926e-01   1.337747e+00   2.510765e-04   7.922742e-02   240
  4.288693e-01   1.578220e+00   2.359775e-04   9.365858e-02   312
  4.299890e-01   1.405546e+00   2.550351e-04   8.656032e-02   240
  4.316809e-01   1.508142e+00   1.937606e-04   7.688306e-02   408
  4.323507e-01   1.350312e+00   1.774381e-04   8.663869e-02   336
  4.336597e-01   1.540282e+00   2.253026e-04   9.751899e-02   264
  4.343030e-01   1.391168e+00   0.000000e+00   1.189178e-01   144
  4.360928e-01   1.296742e+00   3.122828e-04   6.074858e-02   464
  4.370358e-01   1.753280e+00   2.483289e-04   1.478661e-01   168
  4.379668e-01   1.580745e+00   2.261734e-04   1.000532e-01   336
  4.396494e-01   1.527349e+00   2.376394e-04   8.227512e-02   414
  4.405979e-01   1.565335e+00   2.473686e-04   1.231487e-01   216
  4.418131e-01   2.052466e+00   5.994218e-09   2.113272e-01   96
  4.423093e-01   1.602591e+00   1.798266e-08   7.966421e-02   384
  4.440474e-01   1.613533e+00   2.468906e-04   8.433320e-02   492
  4.449788e-01   1.793332e+00   2.414379e-04   1.173573e-01   240
  4.460316e-01   1.522893e+00   2.451440e-04   8.925891e-02   312
  4.474855e-01   1.137739e+00   2.450633e-04   8.808629e-02   192
  4.484064e-01   1.516648e+00   2.374960e-04   6.886805e-02   504
  4.496283e-01   1.586758e+00   1.572264e-04   8.792458e-02   408
  4.505903e-01   1.520423e+00   4.816826e-04   1.291956e-01   168
  4.517942e-01   1.845351e+00   2.288035e-04   1.319926e-01   288
  4.528044e-01   1.520526e+00   2.387760e-04   8.944062e-02   288
  4.538392e-01   1.272959e+00   2.401504e-04   5.932992e-02   432
  4.553403e-01   1.699048e+00   2.271023e-04   1.463569e-01   216
  4.561423e-01   1.617651e+00   2.266232e-04   9.456300e-02   360
  4.575702e-01   1.686461e+00   2.211821e-04   1.093057e-01   312
  4.588590e-01   2.015064e+00   0.000000e+00   3.221399e-01   48
  4.596018e-01   1.666932e+00   2.371390e-04   8.354414e-02   432
  4.609323e-01   1.640228e+00   3.955503e-04   7.649047e-02   414
  4.617179e-01   1.385512e+00   2.086672e-08   9.117833e-02   312
  4.631837e-01   1.422191e+00   3.470734e-04   6.925383e-02   528
  4.641728e-01   1.501893e+00   1.821841e-04   1.002583e-01   264
  4.653612e-01   1.732001e+00   2.160204e-04   9.082486e-02   480
  4.669139e-01   1.487110e+00   0.000000e+00   9.069356e-02   288
  4.675844e-01   1.468478e+00   2.321072e-04   1.226926e-01   168
  4.688112e-01   1.541714e+00   3.674251e-04   6.958481e-02   504
  4.701905e-01   1.903703e+00   7.992291e-09   1.999239e-01   144
  4.710583e-01   1.480265e+00   2.359750e-04   6.769220e-02   464
  4.723622e-01   1.525332e+00   3.463066e-04   7.727989e-02   432
  4.729810e-01   1.654793e+00   5.994218e-09   1.125903e-01   192
  4.745801e-01   1.404736e+00   2.567288e-04   8.418173e-02   396
  4.755245e-01   1.307489e+00   2.306133e-04   7.053638e-02   288
  4.764789e-01   1.543297e+00   2.278065e-04   9.430042e-02   336
  4.780036e-01   1.493735e+00   1.442516e-04   9.730981e-02   432
  4.789711e-01   1.360878e+00   3.738801e-04   7.995922e-02   360
  4.800575e-01   1.653848e+00   2.211556e-04   8.555549e-02   384
  4.816004e-01   1.486144e+00   1.952123e-04   1.027121e-01   198
  4.823439e-01   1.405309e+00   2.218929e-04   6.261994e-02   552
  4.837301e-01   1.604978e+00   3.106349e-04   8.248043e-02   432
  4.848875e-01   1.715311e+00   0.000000e+00   1.426351e-01   168
  4.858589e-01   1.754359e+00   3.850736e-04   9.493364e-02   480
  4.871439e-01   1.771288e+00   0.000000e+00   1.950715e-01   120
  4.877223e-01   1.708393e+00   3.145115e-04   1.001217e-01   336
  4.891336e-01   1.404449e+00   2.218829e-04   6.062163e-02   672
  4.905292e-01   1.648014e+00   3.227590e-04   6.980354e-02   528
  4.911792e-01   1.639015e+00   9.688120e-09   1.480484e-01   168
  4.926809e-01   1.495890e+00   3.600355e-04   7.952664e-02   456
  4.935972e-01   1.709955e+00   2.198767e-04   1.580492e-01   168
  4.945484e-01   1.713694e+00   2.194819e-04   7.669476e-02   504
  4.961297e-01   1.606828e+00   2.824396e-04   9.235549e-02   336
  4.970859e-01   1.545661e+00   2.036055e-04   9.422910e-02   312
  4.981466e-01   1.704862e+00   1.989364e-04   7.079020e-02   504
  4.995424e-01   1.641209e+00   1.380276e-04   8.070505e-02   432
  5.001986e-01   1.547703e+00   2.132983e-04   1.037908e-01   312
  5.015628e-01   1.484644e+00   2.186412e-04   8.453600e-02   384
  5.029871e-01   2.054783e+00   1.857611e-04   2.220898e-01   126
  5.038665e-01   1.666468e+00   3.261522e-04   8.445617e-02   492
  5.049897e-01   1.809026e+00   2.089008e-04   9.436046e-02   528
  5.063933e-01   1.784366e+00   2.121984e-04   8.478517e-02   480
  5.072636e-01   1.501147e+00   2.931509e-04   7.766789e-02   432
  5.085229e-01   1.633612e+00   2.305243e-04   8.805476e-02   440
  5.099854e-01   1.522428e+00   1.146388e-04   9.354792e-02   312
  5.105343e-01   1.600070e+00   1.717959e-04   8.105660e-02   480
  5.116600e-01   1.663002e+00   3.363730e-04   8.132171e-02   408
  5.133048e-01   1.748226e+00   2.014494e-04   1.143105e-01   360
  5.139997e-01   1.678439e+00   1.943913e-04   9.239747e-02   408
  5.152875e-01   1.656439e+00   1.978178e-04   8.129945e-02   456
  5.167375e-01   1.781507e+00   1.890651e-04   1.081433e-01   264
  5.175423e-01   1.799293e+00   2.051830e-04   1.051346e-01   384
  5.187139e-01   1.514969e+00   3.454401e-04   6.269767e-02   672
  5.200682e-01   1.626327e+00   2.066178e-04   1.091052e-01   240
  5.208498e-01   1.796507e+00   2.096654e-04   1.172412e-01   264
  5.219528e-01   1.612341e+00   2.585876e-04   7.083530e-02   624
  5.235988e-01   1.305315e+00   0.000000e+00   1.072116e-01   150
  5.241848e-01   1.743120e+00   2.897679e-04   7.673780e-02   600
  5.254207e-01   1.692278e+00   1.999903e-04   6.761851e-02   672
  5.268202e-01   1.628091e+00   1.881050e-04   9.446203e-02   336
  5.275998e-01   1.481686e+00   2.046034e-04   7.480501e-02   408
  5.288454e-01   1.810416e+00   2.041215e-04   1.033377e-01   408
  5.302309e-01   1.800625e+00   1.032148e-04   1.091296e-01   360
  5.310849e-01   1.637211e+00   3.789714e-04   8.359962e-02   456
  5.321165e-01   1.860373e+00   2.060870e-04   1.136350e-01   384
  5.334296e-01   1.471102e+00   1.902444e-04   8.410469e-02   348
  5.341391e-01   1.747644e+00   2.345337e-04   7.727214e-02   576
  5.354720e-01   1.627944e+00   1.931077e-04   8.687347e-02   504
  5.368355e-01   1.747275e+00   2.723672e-04   8.226232e-02   432
  5.380257e-01   1.684931e+00   3.705542e-04   8.048428e-02   576
  5.388745e-01   1.588241e+00   0.000000e+00   1.192915e-01   264
  5.402209e-01   1.491352e+00   2.948686e-04   5.851816e-02   768
  5.413919e-01   1.835318e+00   3.969869e-04   1.161794e-01   240
  5.423229e-01   1.605958e+00   3.501048e-04   1.404955e-01   192
  5.436789e-01   1.593920e+00   2.577199e-04   8.325175e-02   504
  5.446846e-01   1.804835e+00   3.472873e-04   9.103134e-02   590
  5.456491e-01   1.797016e+00   3.891164e-04   1.084822e-01   384
  5.468584e-01   1.842709e+00   3.251867e-04   8.841139e-02   504
  5.483186e-01   1.750438e+00   3.129419e-04   7.669200e-02   648
  5.497348e-01   1.590780e+00   8.499089e-05   7.523686e-02   504
  5.503059e-01   1.539739e+00   1.938802e-04   1.021292e-01   312
  5.513141e-01   1.735693e+00   2.793337e-04   7.833026e-02   576
  5.526981e-01   1.706089e+00   1.943899e-04   1.263913e-01   240
  5.535050e-01   1.758621e+00   1.964216e-04   7.315587e-02   552
  5.546470e-01   1.727007e+00   1.844354e-04   7.557618e-02   600
  5.562738e-01   1.785832e+00   2.252732e-04   8.511472e-02   600
  5.572519e-01   1.796861e+00   3.607573e-04   1.090835e-01   312
  5.582259e-01   1.838684e+00   3.141839e-04   8.699932e-02   480
  5.594427e-01   1.679692e+00   1.960206e-04   7.171080e-02   576
  5.605139e-01   1.764551e+00   3.156357e-04   1.042365e-01   408
  5.614645e-01   1.710410e+00   3.682036e-04   1.449929e-01   216
  5.626926e-01   1.698662e+00   2.820025e-04   9.295460e-02   516
  5.640083e-01   1.725577e+00   2.690591e-04   7.042853e-02   744
  5.653657e-01   2.017732e+00   1.797077e-04   9.867015e-02   462
  5.661327e-01   1.781791e+00   1.826469e-04   8.776058e-02   432
  5.673224e-01   1.795529e+00   1.694450e-04   8.135054e-02   648
  5.687212e-01   1.769576e+00   2.479296e-04   8.907602e-02   528
  5.698448e-01   2.048747e+00   2.985691e-04   9.169083e-02   600
  5.709675e-01   2.127877e+00   3.764176e-04   1.805088e-01   240
  5.720549e-01   1.740392e+00   2.883323e-04   7.211636e-02   720
  5.733187e-01   1.980411e+00   2.281230e-04   9.778884e-02   720
  5.747197e-01   1.344403e+00   0.000000e+00   1.174158e-01   144
  5.754570e-01   1.766222e+00   2.941188e-04   7.492161e-02   720
  5.765058e-01   1.701259e+00   1.763594e-04   8.543909e-02   384
  5.778188e-01   1.922915e+00   1.955038e-04   7.873772e-02   672
  5.790646e-01   1.972119e+00   3.423056e-04   1.408695e-01   336
  5.796596e-01   1.635365e+00   0.000000e+00   1.046215e-01   288
  5.811165e-01   1.781554e+00   2.709120e-04   7.295871e-02   776
  5.824653e-01   1.796757e+00   2.318063e-04   8.326246e-02   720
  5.835980e-01   1.518626e+00   1.867370e-04   7.803330e-02   432
  5.845040e-01   1.836813e+00   2.662171e-04   8.872667e-02   504
  5.855119e-01   2.012302e+00   1.865229e-04   9.952296e-02   528
  5.869222e-01   2.010008e+00   2.541266e-04   1.130882e-01   438
  5.880825e-01   1.920384e+00   2.957801e-04   8.724619e-02   624
  5.889568e-01   1.900956e+00   3.622906e-04   1.134894e-01   312
  5.901587e-01   1.856813e+00   1.951931e-04   8.259008e-02   696
  5.914016e-01   1.825143e+00   1.766144e-04   8.905255e-02   552
  5.926943e-01   1.799282e+00   1.366406e-04   8.098620e-02   516
  5.934940e-01   2.056127e+00   2.729293e-04   9.630420e-02   528
  5.944675e-01   1.754177e+00   1.774934e-04   8.599416e-02   528
  5.958504e-01   1.844189e+00   2.340778e-04   8.077214e-02   864
  5.967890e-01   1.777785e+00   3.206384e-04   1.167645e-01   408
  5.977287e-01   1.993012e+00   3.176732e-04   1.395379e-01   192
  5.990604e-01   1.870649e+00   2.628898e-04   7.415345e-02   720
  6.001846e-01   2.075047e+00   2.423973e-04   9.070508e-02   696
  6.015205e-01   1.826578e+00   2.617914e-04   8.763538e-02   720
  6.027427e-01   1.914752e+00   3.548268e-04   9.719953e-02   432
  6.034554e-01   2.023716e+00   2.088649e-04   1.327393e-01   264
  6.047379e-01   1.805921e+00   2.884332e-04   8.444454e-02   672
  6.058849e-01   1.682566e+00   2.953113e-04   8.875466e-02   600
  6.072461e-01   1.795689e+00   1.729045e-04   1.117656e-01   270
  6.079323e-01   1.665305e+00   2.602694e-04   8.011417e-02   528
  6.090231e-01   1.969028e+00   1.782233e-04   7.950751e-02   840
  6.105187e-01   2.123889e+00   3.407949e-04   9.067477e-02   888
  6.119006e-01   1.752791e+00   2.539173e-04   7.319716e-02   744
  6.130685e-01   1.784123e+00   1.304764e-04   8.956364e-02   456
  6.136494e-01   2.536444e+00   1.783041e-04   1.356749e-01   360
  6.146434e-01   1.823839e+00   1.544904e-04   9.684423e-02   384
  6.161685e-01   2.046588e+00   2.478012e-04   8.614017e-02   816
  6.173129e-01   2.084277e+00   3.595249e-04   9.060054e-02   824
  6.187038e-01   1.601107e+00   1.671243e-04   8.054542e-02   360
  6.194487e-01   1.944731e+00   2.466127e-04   8.638184e-02   624
  6.204737e-01   2.341971e+00   1.666475e-04   1.299524e-01   360
  6.218393e-01   1.935802e+00   2.266896e-04   7.831400e-02   876
  6.230726e-01   1.893313e+00   2.692394e-04   8.116527e-02   696
  6.243164e-01   1.604022e+00   1.738571e-04   8.909887e-02   336
  6.249685e-01   2.038714e+00   1.736618e-04   1.064632e-01   504
  6.260455e-01   1.870354e+00   1.751666e-04   9.282889e-02   672
  6.276432e-01   2.018390e+00   3.487160e-04   9.134790e-02   720
  6.287513e-01   2.032230e+00   2.634177e-04   9.968999e-02   774
  6.299744e-01   2.451579e+00   1.507735e-04   1.686213e-01   384
  6.306149e-01   1.937753e+00   2.901529e-04   1.072324e-01   528
  6.316091e-01   2.241632e+00   2.765319e-04   1.157483e-01   744
  6.332082e-01   2.107433e+00   2.280801e-04   9.065336e-02   768
  6.342699e-01   2.077898e+00   2.560371e-04   1.271833e-01   552
  6.355947e-01   1.992551e+00   2.790515e-04   8.040788e-02   696
  6.365801e-01   2.430773e+00   3.390961e-04   1.550404e-01   408
  6.373624e-01   2.094604e+00   1.464922e-04   1.067785e-01   504
  6.386025e-01   2.055293e+00   2.631678e-04   7.054741e-02   888
  6.398228e-01   1.953723e+00   2.735074e-04   8.996241e-02   648
  6.410912e-01   2.005294e+00   2.711630e-04   1.038126e-01   648
  6.422845e-01   1.950880e+00   2.923802e-04   8.826735e-02   792
  6.435486e-01   2.116873e+00   4.277722e-04   9.772139e-02   600
  6.444800e-01   1.800893e+00   2.899046e-04   9.271209e-02   456
  6.454604e-01   2.228462e+00   1.412872e-04   9.821568e-02   648
  6.467196e-01   2.062832e+00   2.755305e-04   8.171770e-02   936
  6.480791e-01   2.307942e+00   1.692113e-04   1.335809e-01   384
  6.492625e-01   1.810143e+00   1.423784e-08   2.070822e-01   198
  6.501758e-01   2.144562e+00   4.293034e-04   6.635918e-02   1224
  6.511610e-01   2.237792e+00   3.126651e-04   1.345406e-01   420
  6.523261e-01   2.337934e+00   3.025944e-04   1.059051e-01   792
  6.534654e-01   2.038374e+00   2.502197e-04   9.111136e-02   680
  6.547656e-01   2.186024e+00   2.297635e-04   1.137545e-01   600
  6.558117e-01   2.409839e+00   3.332201e-04   1.080142e-01   840
  6.572086e-01   1.790195e+00   1.573311e-04   9.450310e-02   432
  6.577423e-01   2.603649e+00   1.474399e-04   1.303355e-01   720
  6.589028e-01   2.073572e+00   2.952964e-04   7.075330e-02   960
  6.603461e-01   2.131307e+00   2.632351e-04   1.151794e-01   528
  6.614009e-01   1.952847e+00   2.690765e-04   8.952899e-02   624
  6.626564e-01   2.269447e+00   2.114923e-04   1.024235e-01   816
  6.639025e-01   2.005916e+00   3.478036e-04   9.027269e-02   696
  6.652796e-01   1.877648e+00   2.349244e-08   1.397437e-01   240
  6.657974e-01   1.918845e+00   2.051081e-04   9.395746e-02   672
  6.669532e-01   2.080303e+00   3.665574e-04   8.800936e-02   864
  6.682496e-01   1.856714e+00   2.812733e-04   7.508245e-02   816
  6.694181e-01   1.928300e+00   1.609912e-04   9.117066e-02   648
  6.706767e-01   2.707607e+00   1.645623e-04   1.179523e-01   843
  6.717452e-01   2.108917e+00   2.960880e-04   9.671706e-02   780
  6.730185e-01   2.248042e+00   1.588753e-04   2.311313e-01   216
  6.738038e-01   2.271544e+00   3.831105e-04   8.386716e-02   1056
  6.750118e-01   2.038156e+00   3.134274e-04   1.526965e-01   228
  6.761301e-01   2.281287e+00   3.902249e-04   9.862687e-02   924
  6.772783e-01   2.439438e+00   1.447516e-04   1.132355e-01   696
  6.784941e-01   2.150106e+00   2.576163e-04   8.349814e-02   996
  6.797379e-01   2.024014e+00   1.520916e-04   9.730051e-02   576
  6.810320e-01   2.163697e+00   2.347432e-04   9.683769e-02   552
  6.819753e-01   2.490732e+00   2.802752e-04   1.455073e-01   516
  6.829327e-01   2.345094e+00   4.075783e-04   1.006329e-01   744
  6.840265e-01   2.091626e+00   1.999414e-04   9.813844e-02   576
  6.849781e-01   2.196053e+00   2.057904e-04   9.158589e-02   792
  6.863303e-01   1.982997e+00   2.352566e-04   9.344379e-02   792
  6.873212e-01   2.263401e+00   2.537217e-04   1.033658e-01   720
  6.886614e-01   2.419043e+00   2.891844e-04   1.203947e-01   656
  6.899172e-01   2.093329e+00   3.157744e-04   8.073570e-02   816
  6.912045e-01   2.185052e+00   1.702602e-04   1.194118e-01   492
  6.919363e-01   2.094240e+00   2.449314e-04   1.075069e-01   552
  6.933096e-01   2.060797e+00   4.259058e-04   8.264223e-02   780
  6.942015e-01   2.155045e+00   2.616289e-04   1.042158e-01   528
  6.951624e-01   2.004604e+00   3.054005e-04   9.428455e-02   600
  6.965787e-01   2.557509e+00   2.538120e-04   9.139839e-02   900
  6.975549e-01   2.242400e+00   1.405147e-04   1.116529e-01   696
  6.988979e-01   2.154921e+00   3.552967e-04   1.002742e-01   696
  7.001972e-01   2.014026e+00   1.441405e-04   9.458573e-02   552
  7.012898e-01   1.879860e+00   1.676221e-04   7.974631e-02   708
  7.024344e-01   2.094118e+00   2.767536e-04   7.993021e-02   876
  7.036253e-01   2.276589e+00   1.469507e-04   1.709231e-01   216
  7.044246e-01   2.077870e+00   4.019301e-04   7.481637e-02   1032
  7.056214e-01   2.154995e+00   4.475047e-04   1.190243e-01   600
  7.068637e-01   1.730972e+00   2.135326e-04   8.299944e-02   600
  7.078114e-01   2.115021e+00   3.770786e-04   9.431698e-02   528
  7.089316e-01   2.123822e+00   2.069996e-04   9.920179e-02   732
  7.101116e-01   2.098679e+00   1.528505e-04   1.257657e-01   336
  7.114699e-01   2.067094e+00   2.178422e-04   7.020924e-02   912
  7.124851e-01   2.093551e+00   2.186476e-04   8.958803e-02   624
  7.135942e-01   2.135919e+00   1.842497e-04   8.289465e-02   768
  7.148888e-01   2.117726e+00   3.324228e-04   8.349681e-02   792
  7.161595e-01   2.027300e+00   1.648015e-04   9.155088e-02   660
  7.170636e-01   2.175395e+00   2.428615e-04   1.139889e-01   504
  7.179987e-01   1.867368e+00   3.967892e-04   8.945643e-02   480
  7.194001e-01   1.965612e+00   3.669783e-04   6.961429e-02   912
  7.204975e-01   1.977856e+00   4.086872e-04   1.008246e-01   432
  7.215338e-01   2.119837e+00   2.426689e-04   9.937029e-02   564
  7.224540e-01   2.001052e+00   2.322675e-04   1.001585e-01   600
  7.237493e-01   2.138491e+00   3.237589e-04   7.508621e-02   876
  7.247223e-01   2.358832e+00   1.455718e-04   1.578016e-01   264
  7.260636e-01   2.044051e+00   2.824665e-04   9.574757e-02   560
  7.271417e-01   1.970211e+00   1.919421e-04   7.059063e-02   840
  7.284504e-01   2.038202e+00   2.959193e-04   7.094390e-02   1008
  7.296606e-01   2.104638e+00   1.323744e-04   1.082580e-01   456
  7.307658e-01   2.400390e+00   1.714723e-04   1.115559e-01   576
  7.317876e-01   1.834013e+00   2.634856e-04   7.484978e-02   612
  7.331349e-01   2.015089e+00   2.353354e-04   7.863926e-02   780
  7.342341e-01   2.122626e+00   2.696836e-04   9.199030e-02   648
  7.353591e-01   1.936094e+00   1.256760e-04   1.102960e-01   312
  7.360783e-01   1.886069e+00   3.193221e-04   9.154686e-02   528
  7.373241e-01   1.776358e+00   4.170188e-04   6.305739e-02   720
  7.385155e-01   1.895699e+00   4.183247e-04   9.188979e-02   576
  7.399599e-01   2.050711e+00   3.608590e-04   1.227230e-01   444
  7.408586e-01   1.911107e+00   3.538864e-04   6.686807e-02   996
  7.419599e-01   1.787612e+00   2.956016e-04   8.362661e-02   432
  7.430008e-01   2.148900e+00   3.236256e-04   1.062218e-01   504
  7.438999e-01   1.916453e+00   1.459075e-04   9.068986e-02   504
  7.451803e-01   2.124854e+00   2.871477e-04   7.783525e-02   876
  7.463388e-01   1.869192e+00   3.304796e-04   8.591648e-02   504
  7.475452e-01   1.948072e+00   2.107626e-04   7.877784e-02   696
  7.485421e-01   1.977146e+00   1.801799e-04   9.860892e-02   492
  7.498987e-01   1.997757e+00   2.579363e-04   1.012878e-01   432
  7.509034e-01   2.022061e+00   2.415290e-04   8.189287e-02   768
  7.520944e-01   2.080896e+00   3.008569e-04   9.269683e-02   648
  7.532317e-01   2.009421e+00   1.962768e-04   1.167087e-01   456
  7.545385e-01   1.713239e+00   2.699125e-04   8.130118e-02   552
  7.554460e-01   2.136885e+00   1.849982e-04   9.453148e-02   648
  7.566950e-01   2.136278e+00   3.015367e-04   8.749647e-02   840
  7.579151e-01   1.865174e+00   1.437965e-04   9.769395e-02   432
  7.591366e-01   2.061244e+00   1.761262e-04   9.857990e-02   600
  7.599862e-01   1.982629e+00   1.876509e-04   9.757227e-02   432
  7.614131e-01   1.903715e+00   1.868247e-04   8.838139e-02   560
  7.623795e-01   1.999827e+00   2.957239e-04   7.818695e-02   840
  7.635896e-01   1.844758e+00   1.751616e-04   8.376276e-02   504
  7.645506e-01   1.680395e+00   3.574943e-04   7.110274e-02   696
  7.659053e-01   2.382517e+00   1.952507e-04   1.337067e-01   384
  7.669605e-01   1.871314e+00   2.860193e-04   7.648244e-02   576
  7.682367e-01   1.771175e+00   1.765168e-04   9.080203e-02   360
  7.692654e-01   1.983585e+00   2.628763e-04   8.103249e-02   828
  7.703752e-01   1.914421e+00   2.341402e-04   1.033935e-01   372
  7.713920e-01   1.947789e+00   3.575770e-04   9.374113e-02   576
  7.727390e-01   1.748804e+00   1.497528e-04   7.356523e-02   636
  7.736987e-01   2.285068e+00   2.886848e-04   9.810240e-02   648
  7.749969e-01   1.965727e+00   2.346692e-04   9.095674e-02   576
  7.759289e-01   1.980869e+00   3.785461e-04   9.179610e-02   528
  7.771683e-01   1.872969e+00   1.618441e-04   9.656666e-02   360
  7.781942e-01   1.974920e+00   3.723021e-04   7.953172e-02   672
  7.795338e-01   2.158436e+00   1.906993e-04   8.778232e-02   804
  7.806488e-01   1.971406e+00   2.103641e-04   1.009322e-01   408
  7.818822e-01   2.084797e+00   1.300279e-04   9.904296e-02   384
  7.827127e-01   1.808623e+00   2.975538e-04   9.164357e-02   480
  7.838841e-01   1.885386e+00   1.922633e-04   1.039349e-01   432
  7.850075e-01   2.213032e+00   3.543003e-04   9.941130e-02   648
  7.863374e-01   1.904511e+00   2.198417e-04   8.072145e-02   624
  7.873102e-01   2.066934e+00   1.999645e-04   1.047083e-01   456
  7.886385e-01   2.019291e+00   2.731694e-04   9.221619e-02   588
  7.895286e-01   1.871151e+00   1.742809e-04   8.197064e-02   600
  7.908283e-01   2.226527e+00   2.718355e-04   9.451829e-02   708
  7.918549e-01   2.075643e+00   1.712511e-04   1.157412e-01   360
  7.929893e-01   2.315246e+00   1.968577e-04   1.078773e-01   552
  7.940768e-01   1.766946e+00   1.381003e-04   1.228196e-01   288
  7.951809e-01   2.089091e+00   2.596664e-04   1.036691e-01   528
  7.962181e-01   2.149026e+00   1.751829e-04   9.984276e-02   456
  7.973771e-01   2.160856e+00   3.106374e-04   9.331760e-02   608
  7.985427e-01   1.767685e+00   1.502898e-04   8.138012e-02   504
  7.998164e-01   1.810406e+00   3.226637e-04   7.973869e-02   540
  8.008151e-01   2.372419e+00   3.463704e-04   1.372817e-01   360
  8.018917e-01   2.149150e+00   1.568542e-04   1.016590e-01   540
  8.028439e-01   2.064263e+00   1.346780e-04   9.602836e-02   576
  8.042285e-01   2.054256e+00   3.122726e-04   8.739127e-02   588
  8.055450e-01   2.024287e+00   4.308419e-04   8.392903e-02   672
  8.066761e-01   1.980066e+00   3.292961e-04   9.482336e-02   552
  8.075877e-01   1.785079e+00   3.294626e-04   1.484670e-01   144
  8.087511e-01   2.023184e+00   2.799123e-04   9.794387e-02   600
  8.098542e-01   1.816909e+00   3.507912e-04   9.886154e-02   504
  8.110784e-01   1.916259e+00   3.603334e-04   1.072990e-01   336
  8.123661e-01   2.066335e+00   4.050163e-04   8.316864e-02   600
  8.135194e-01   1.635313e+00   2.613843e-04   6.851103e-02   636
  8.147641e-01   1.985437e+00   2.101554e-04   1.291242e-01   384
  8.156368e-01   2.374640e+00   2.931419e-04   1.177476e-01   504
  8.168946e-01   2.177211e+00   1.230275e-04   1.364448e-01   240
  8.178874e-01   2.327009e+00   2.890092e-04   9.734693e-02   744
  8.190784e-01   2.119031e+00   1.973493e-04   9.115160e-02   648
  8.201369e-01   3.260451e+00   1.310064e-04   2.844221e-01   120
  8.213775e-01   2.168573e+00   2.057940e-04   9.514932e-02   564
  8.223149e-01   2.309322e+00   3.232119e-04   1.119829e-01   432
  8.235661e-01   1.951792e+00   2.508763e-04   9.817851e-02   480
  8.245082e-01   1.975361e+00   1.846513e-04   9.684741e-02   456
  8.256202e-01   2.126939e+00   3.055706e-04   1.172755e-01   444
  8.268821e-01   1.815993e+00   4.675392e-04   8.635557e-02   528
  8.279907e-01   1.882796e+00   3.472317e-04   1.196327e-01   264
  8.290664e-01   2.273344e+00   3.558608e-04   1.148197e-01   444
  8.305136e-01   2.141222e+00   3.897932e-04   8.493644e-02   696
  8.317148e-01   2.312337e+00   2.084744e-04   1.237952e-01   384
  8.325934e-01   2.057568e+00   2.634249e-04   1.031498e-01   432
  8.339598e-01   2.048891e+00   1.820143e-04   9.645005e-02   488
  8.348470e-01   2.284377e+00   2.743182e-04   1.272482e-01   480
  8.361333e-01   2.147308e+00   3.059215e-04   1.053006e-01   480
  8.371295e-01   2.310934e+00   1.283553e-04   1.811437e-01   240
  8.382605e-01   2.358047e+00   2.998278e-04   1.156804e-01   600
  8.393273e-01   1.916770e+00   2.612693e-04   1.239543e-01   288
  8.404633e-01   2.080041e+00   2.513219e-04   1.096372e-01   480
  8.416137e-01   1.911068e+00   4.470568e-04   9.486968e-02   504
  8.427464e-01   2.231710e+00   1.918152e-04   1.600990e-01   216
  8.441910e-01   2.337425e+00   3.140320e-04   1.184946e-01   504
  8.453161e-01   2.021495e+00   2.525773e-04   1.003037e-01   456
  8.465476e-01   2.408843e+00   1.448574e-04   1.350449e-01   384
  8.473633e-01   2.289481e+00   2.940081e-04   1.106355e-01   480
  8.485224e-01   1.843961e+00   2.581721e-04   8.478839e-02   504
  8.495963e-01   2.244582e+00   1.637682e-04   1.398117e-01   312
  8.507536e-01   2.246291e+00   2.639069e-04   1.174552e-01   492
  8.517779e-01   1.885488e+00   2.473513e-04   1.143277e-01   312
  8.530964e-01   2.079911e+00   4.018026e-04   1.011884e-01   576
  8.542572e-01   2.123241e+00   3.708963e-04   1.046851e-01   336
  8.552213e-01   1.839315e+00   2.855730e-04   1.265996e-01   240
  8.565577e-01   2.371765e+00   3.785974e-04   1.150310e-01   468
  8.577117e-01   1.859093e+00   2.370567e-04   1.508802e-01   192
  8.589195e-01   2.156904e+00   2.377633e-04   1.243694e-01   324
  8.598047e-01   2.202957e+00   1.725647e-04   1.028410e-01   600
  8.610110e-01   2.361175e+00   2.799685e-04   1.139657e-01   456
  8.619069e-01   2.358012e+00   1.259298e-04   1.486930e-01   336
  8.633917e-01   2.219743e+00   3.770695e-04   1.020250e-01   612
  8.644719e-01   1.625941e+00   3.164532e-04   1.529891e-01   144
  8.654935e-01   2.411356e+00   3.693821e-04   9.804335e-02   552
  8.668827e-01   2.142215e+00   1.454672e-04   1.434219e-01   264
  8.676676e-01   2.337477e+00   3.367937e-04   1.393498e-01   336
  8.689058e-01   2.115180e+00   2.225417e-04   1.242862e-01   384
  8.699797e-01   2.333184e+00   1.252690e-04   1.807110e-01   216
  8.711683e-01   1.931041e+00   2.655962e-04   1.046026e-01   344
  8.722521e-01   2.127578e+00   3.962819e-04   1.167442e-01   408
  8.735729e-01   2.155594e+00   3.045168e-04   1.335614e-01   264
  8.747433e-01   2.040015e+00   4.245115e-04   8.380272e-02   612
  8.759127e-01   2.423450e+00   2.184861e-04   1.493260e-01   408
  8.771153e-01   2.112271e+00   2.188001e-04   1.080561e-01   444
  8.779988e-01   2.847700e+00   1.223733e-04   2.580702e-01   120
  8.791827e-01   2.348379e+00   3.380949e-04   1.503510e-01   336
  8.800614e-01   1.936362e+00   1.174866e-04   1.359132e-01   288
  8.812488e-01   2.431334e+00   3.656205e-04   1.110934e-01   552
  8.828813e-01   2.293597e+00   1.957704e-08   2.900403e-01   72
  8.837207e-01   2.350024e+00   3.631543e-04   1.173175e-01   504
  8.847012e-01   2.103025e+00   1.168595e-04   1.612146e-01   216
  8.859716e-01   2.394883e+00   2.086446e-04   1.509165e-01   312
  8.871120e-01   2.133217e+00   2.375747e-04   1.397585e-01   336
  8.881989e-01   2.208619e+00   3.293052e-04   1.671049e-01   204
  8.892814e-01   2.351889e+00   3.827027e-04   1.195593e-01   504
  8.904295e-01   2.730823e+00   3.644429e-04   1.841795e-01   396
  8.915335e-01   2.410077e+00   3.342132e-04   1.511499e-01   312
  8.928719e-01   3.074676e+00   2.042400e-04   1.857242e-01   216
  8.938150e-01   2.278953e+00   1.108450e-04   2.014367e-01   168
  8.949610e-01   2.323213e+00   2.798897e-04   1.013514e-01   588
  8.962689e-01   2.311017e+00   3.799175e-04   1.970116e-01   240
  8.972850e-01   2.102690e+00   3.355308e-04   1.660697e-01   264
  8.984767e-01   2.380722e+00   4.149529e-04   1.561101e-01   288
  8.995339e-01   2.237676e+00   2.072102e-04   1.465340e-01   288
  9.008740e-01   2.121713e+00   1.946034e-04   1.279046e-01   288
  9.017763e-01   2.245740e+00   2.254318e-04   1.757816e-01   192
  9.029115e-01   2.120469e+00   2.398820e-04   1.370163e-01   264
  9.039929e-01   2.616100e+00   3.945727e-04   1.463159e-01   372
  9.051567e-01   2.966490e+00   4.261555e-04   2.092746e-01   360
  9.065772e-01   3.118196e+00   1.803530e-04   3.243197e-01   144
  9.073113e-01   2.151225e+00   2.505025e-04   1.436942e-01   296
  9.084702e-01   2.233369e+00   2.699035e-04   1.729439e-01   288
  9.097970e-01   2.537865e+00   4.033639e-04   1.392900e-01   480
  9.109414e-01   2.265715e+00   3.351569e-04   1.691470e-01   192
  9.120543e-01   2.294648e+00   3.595015e-04   1.788613e-01   192
  9.130658e-01   2.148985e+00   2.291145e-04   1.303000e-01   288
  9.144726e-01   1.933543e+00   1.994411e-04   1.701668e-01   108
  9.151811e-01   2.842933e+00   1.917382e-04   2.284819e-01   240
  9.164324e-01   2.121738e+00   3.576920e-04   1.234147e-01   384
  9.177178e-01   2.799243e+00   4.363437e-04   3.126140e-01   108
  9.188545e-01   2.912248e+00   2.558364e-04   1.802424e-01   348
  9.200497e-01   2.520996e+00   2.670009e-04   1.916881e-01   312
  9.211172e-01   2.362251e+00   2.594474e-04   2.220645e-01   96
  9.220989e-01   2.509251e+00   3.454074e-04   1.789388e-01   384
  9.231983e-01   2.445233e+00   2.375703e-04   2.576591e-01   144
  9.242737e-01   2.359381e+00   3.650373e-04   1.511372e-01   408
  9.256105e-01   2.033735e+00   1.628324e-04   2.085000e-01   144
  9.268733e-01   2.318831e+00   3.130471e-04   1.545328e-01   192
  9.276223e-01   2.850881e+00   3.523403e-04   2.894407e-01   144
  9.288431e-01   2.039388e+00   2.864656e-04   1.411175e-01   144
  9.299949e-01   2.535536e+00   3.501074e-04   1.679529e-01   336
  9.314055e-01   2.089076e+00   2.590351e-04   1.192185e-01   240
  9.322999e-01   2.488348e+00   1.176255e-04   2.505510e-01   96
  9.335474e-01   2.431483e+00   3.449390e-04   1.427422e-01   372
  9.348094e-01   2.479325e+00   4.102976e-04   2.392730e-01   132
  9.359179e-01   1.803194e+00   2.538872e-04   1.226525e-01   264
  9.369095e-01   2.761501e+00   1.949738e-04   2.844681e-01   168
  9.379679e-01   2.440817e+00   3.117257e-04   1.920752e-01   216
  9.389028e-01   2.298266e+00   1.907177e-04   1.971866e-01   216
  9.402644e-01   1.756923e+00   3.498876e-04   1.765878e-01   96
  9.414999e-01   3.062573e+00   2.282697e-04   3.317790e-01   120
  9.426329e-01   2.723558e+00   2.901950e-04   2.127675e-01   216
  9.435662e-01   2.186712e+00   1.268162e-04   1.584171e-01   200
  9.448020e-01   2.402485e+00   3.282727e-04   1.455278e-01   288
  9.463870e-01   1.993345e+00   8.637492e-05   1.823032e-01   144
  9.470544e-01   2.318682e+00   2.687934e-04   2.325411e-01   168
  9.484173e-01   2.400193e+00   3.025020e-04   2.505898e-01   159
  9.494812e-01   2.630489e+00   3.173973e-04   1.911791e-01   174
  9.505108e-01   2.678560e+00   2.878048e-04   2.841938e-01   144
  9.518590e-01   2.412008e+00   1.661865e-04   1.752330e-01   222
  9.527607e-01   2.520633e+00   1.676969e-04   1.997057e-01   168
  9.543181e-01   3.853610e+00   3.678236e-04   6.936446e-01   30
  9.549614e-01   1.665929e+00   3.247612e-04   1.881243e-01   72
  9.561731e-01   2.503497e+00   2.898455e-04   1.512728e-01   258
  9.575053e-01   2.732249e+00   1.815377e-04   1.993730e-01   264
  9.581715e-01   1.915435e+00   0.000000e+00   2.545247e-01   72
  9.595596e-01   2.177127e+00   3.598154e-04   1.588869e-01   174
  9.608164e-01   2.520086e+00   3.831369e-04   2.117459e-01   168
  9.618269e-01   1.767534e+00   1.198844e-08   2.701157e-01   48
  9.629116e-01   2.589794e+00   2.163664e-04   2.128183e-01   150
  9.641694e-01   2.653010e+00   3.980216e-04   2.074721e-01   168
  9.654305e-01   2.760228e+00   2.424563e-04   2.422727e-01   144
  9.665902e-01   3.000004e+00   2.265094e-04   4.049217e-01   102
  9.674541e-01   2.270091e+00   3.352727e-04   3.018077e-01   96
  9.688246e-01   2.490939e+00   3.327357e-04   3.231304e-01   120
  9.698396e-01   2.331531e+00   3.568677e-04   1.927847e-01   168
  9.709374e-01   2.264262e+00   2.635186e-04   2.150460e-01   126
  9.718728e-01   2.533615e+00   1.987457e-04   2.713880e-01   168
  9.731615e-01   2.242364e+00   3.186890e-04   3.288698e-01   72
  9.742877e-01   2.375842e+00   3.990696e-04   1.633306e-01   168
  9.752743e-01   2.372430e+00   1.094046e-04   3.220193e-01   78
  9.766261e-01   1.728945e+00   1.796342e-04   2.223620e-01   60
  9.777146e-01   3.031198e+00   2.913957e-04   2.559093e-01   96
  9.788436e-01   2.323400e+00   3.535845e-04   1.907523e-01   168
  9.799046e-01   2.328121e+00   2.237345e-04   2.400126e-01   86
  9.810179e-01   1.598686e+00   1.999656e-04   1.381129e-01   120
  9.826135e-01   2.743660e+00   1.426020e-04   2.568985e-01   168
  9.834741e-01   1.921102e+00   0.000000e+00   3.394457e-01   48
  9.846330e-01   2.512148e+00   2.598054e-04   2.340118e-01   120
  9.852989e-01   2.351388e+00   1.895385e-04   2.512618e-01   126
  9.869246e-01   2.044763e+00   3.333454e-04   1.952760e-01   96
  9.879797e-01   2.837936e+00   9.612037e-05   2.650816e-01   96
  9.888118e-01   3.025174e+00   0.000000e+00   3.979675e-01   72
  9.905847e-01   4.014343e+00   1.198844e-08   1.174492e+00   24
  9.916911e-01   2.220759e+00   1.978135e-04   1.962224e-01   120
  9.925543e-01   2.513244e+00   2.885490e-04   2.028775e-01   126
  9.935140e-01   2.339670e+00   2.405447e-04   2.161001e-01   96
  9.946355e-01   2.165084e+00   4.157314e-04   2.233436e-01   72
  9.958843e-01   2.461720e+00   1.798178e-04   2.299022e-01   144
  9.969115e-01   2.333068e+00   1.037147e-04   2.552062e-01   72
  9.979377e-01   1.862782e+00   2.071553e-04   2.335094e-01   54
  9.988408e-01   2.390879e+00   1.825532e-04   2.659598e-01   108
  1.000718e+00   2.347677e+00   1.789493e-04   2.655171e-01   72
  1.001302e+00   3.279250e+00   1.032599e-04   3.697741e-01   72
  1.002688e+00   1.990746e+00   2.076458e-08   3.728870e-01   24
  1.004000e+00   2.250237e+00   2.184508e-04   3.063639e-01   48
  1.004796e+00   2.349429e+00   1.664031e-04   3.396405e-01   102
  1.005995e+00   2.578997e+00   3.763347e-04   2.241718e-01   168
  1.007561e+00   2.550467e+00   2.052441e-04   3.063876e-01   72
  1.008142e+00   1.979798e+00   0.000000e+00   3.062043e-01   48
  1.009359e+00   2.599093e+00   3.530324e-04   2.629742e-01   120
  1.010966e+00   1.766576e+00   2.169455e-04   1.632264e-01   96
  1.012484e+00   2.899469e+00   2.349244e-08   5.289788e-01   30
  1.014287e+00   2.512286e+00   1.019306e-04   2.988862e-01   72
  1.015080e+00   1.109601e+00   1.198844e-08   2.412528e-01   24
  1.016098e+00   2.622418e+00   1.510864e-04   2.992873e-01   56
  1.017238e+00   2.569691e+00   2.156079e-04   2.959076e-01   96
  1.018603e+00   2.361486e+00   2.380838e-04   1.974932e-01   144
  1.019655e+00   2.823577e+00   1.351747e-04   3.287444e-01   54
  1.021183e+00   2.566213e+00   2.025059e-04   2.877453e-01   108
  1.022721e+00   4.260273e+00   1.072260e-04   6.240526e-01   48
  1.024186e+00   3.183587e+00   4.037400e-04   5.556920e-01   72
  1.027699e+00   2.258971e+00   2.667523e-04   2.392163e-01   78
  1.028673e+00   1.775714e+00   2.010313e-04   2.604094e-01   72
  1.029809e+00   2.891708e+00   2.007817e-04   3.189365e-01   72
  1.030998e+00   3.239937e+00   4.845084e-04   3.407904e-01   96
  1.031937e+00   3.201671e+00   2.003678e-04   4.297160e-01   72
  1.033070e+00   2.696408e+00   0.000000e+00   4.228469e-01   24
  1.034201e+00   2.607729e+00   3.998310e-04   2.560521e-01   72
  1.036757e+00   3.567721e+00   2.539049e-04   5.326471e-01   30
  1.037307e+00   3.204447e+00   0.000000e+00   7.204415e-01   24
  1.040263e+00   3.016883e+00   2.108357e-04   5.071329e-01   48
  1.041190e+00   2.102636e+00   4.537181e-04   2.133221e-01   120
  1.042439e+00   3.004853e+00   1.983761e-04   4.195846e-01   72
  1.043701e+00   2.706367e+00   1.981363e-04   4.516816e-01   36
  1.044568e+00   2.960030e+00   3.916095e-04   3.346687e-01   78
  1.046988e+00   2.726342e+00   2.094814e-04   4.465064e-01   48
  1.050126e+00   2.937369e+00   1.695421e-08   6.801286e-01   24
  1.052361e+00   2.656606e+00   1.458786e-04   4.020428e-01   56
  1.053486e+00   2.987114e+00   2.244796e-04   3.195927e-01   102
  1.054918e+00   2.908372e+00   1.598458e-08   3.500670e-01   72
  1.055750e+00   3.845228e+00   0.000000e+00   8.933240e-01   24
  1.057203e+00   3.230942e+00   2.074574e-04   3.576868e-01   48
  1.059896e+00   2.230953e+00   0.000000e+00   4.302968e-01   24
  1.063202e+00   2.799107e+00   0.000000e+00   1.275858e+00   6
  1.064233e+00   1.764378e+00   0.000000e+00   7.423073e-01   24
  1.064920e+00   3.501889e+00   1.941879e-04   4.217510e-01   72
  1.066174e+00   3.909698e+00   3.622758e-04   4.605730e-01   84
  1.067525e+00   2.050363e+00   0.000000e+00   3.665597e-01   24
  1.067936e+00   3.417366e+00   1.695421e-08   9.617100e-01   24
  1.069988e+00   3.009709e+00   1.198844e-08   5.460877e-01   24
  1.072854e+00   4.610857e+00   0.000000e+00   1.304069e+00   6
  1.076527e+00   3.577880e+00   2.037334e-04   4.313757e-01   48
  1.077410e+00   2.863462e+00   3.838004e-04   3.215894e-01   72
  1.078563e+00   3.335711e+00   2.033489e-04   5.088107e-01   48
  1.080391e+00   2.859673e+00   0.000000e+00   5.036004e-01   24
  1.082825e+00   2.440087e+00   1.198844e-08   5.501210e-01   6
  1.088280e+00   1.923862e+00   0.000000e+00   5.282620e-01   8
  1.088683e+00   3.603543e+00   1.198844e-08   5.246317e-01   48
  1.089649e+00   3.834047e+00   1.972060e-04   4.801248e-01   60
  1.091097e+00   4.104044e+00   0.000000e+00   1.050975e+00   24
  1.093106e+00   7.617317e+00   0.000000e+00   1.234992e+00   6
  1.100504e+00   2.621217e+00   0.000000e+00   8.080023e-01   24
  1.101102e+00   2.860086e+00   1.991864e-04   4.857966e-01   48
  1.102098e+00   3.729818e+00   0.000000e+00   5.266772e-01   24
  1.103689e+00   1.269724e+00   1.198844e-08   5.078276e-01   6
  1.112726e+00   2.776432e+00   1.858219e-04   4.155963e-01   36
  1.113383e+00   4.931405e+00   0.000000e+00   1.162419e+00   24
  1.114565e+00   3.085670e+00   0.000000e+00   6.125312e-01   6
  1.124848e+00   2.524930e+00   1.688735e-04   3.690362e-01   32
  1.125725e+00   3.334559e+00   1.198844e-08   1.215768e+00   6
  1.136776e+00   5.788770e+00   0.000000e+00   2.030806e+00   12
  1.137162e+00   1.104116e+01   0.000000e+00   3.968100e+00   6
  1.148867e+00   6.759599e+00   1.695421e-08   2.484712e+00   6
