8.05413 0 0 
8.24423 0 0 
8.43432 0 0 
8.62442 0 0 
8.81452 0 0 
9.00462 0 0 
9.19472 0 0 
9.38482 0 0 
9.57492 0 0 
9.76502 0 0 
9.95512 0 0 
10.1452 0 0 
10.3353 0 0 
10.5254 0 0 
10.7155 0 0 
10.9056 0 0 
11.0957 0 0 
11.2858 0 0 
11.4759 0 0 
11.666 0 0 
11.8561 0 0 
12.0462 0 0 
12.2363 0 0 
12.4264 0 0 
12.6165 0 0 
12.8066 0 0 
12.9967 0 0 
13.1868 0 0 
13.3769 0 0 
13.567 0 0 
13.7571 0 0 
13.9472 0 0 
14.1373 0 0 
14.3274 0 0 
14.5175 0 0 
14.7076 0 0 
14.8977 0 0 
15.0878 0 0 
15.2779 0 0 
15.468 0 0 
15.6581 0 0 
15.8482 0 0 
16.0383 0 0 
16.2284 0 0 
16.4185 0 0 
16.6086 0 0 
16.7987 0 0 
16.9888 0 0 
17.1789 0 0 
17.369 0 0 
17.5591 0 0 
17.7492 0 0 
17.9393 0 0 
18.1294 0 0 
18.3195 0 0 
18.5096 0 0 
18.6997 0 0 
18.8898 0 0 
19.0799 0 0 
19.27 0 0 
19.4601 0 0 
19.6502 0 0 
19.8403 0 0 
20.0304 0 0 
20.2205 0 0 
20.4106 0 0 
20.6007 0 0 
20.7908 0 0 
20.9809 0 0 
21.171 0 0 
21.3611 0 0 
21.5512 0 0 
21.7413 0 0 
21.9314 0 0 
22.1215 0 0 
22.3116 0 0 
22.5017 0 0 
22.6918 0 0 
22.8819 0 0 
23.072 0 0 
23.2621 0 0 
23.4522 0 0 
23.6423 -6.11929e-21 1.58384e-36 
23.8324 -2.10829e-09 1.86506e-13 
24.0225 -2.27737e-09 2.15898e-13 
24.2126 -3.68566e-09 5.61034e-13 
24.4027 -6.00192e-09 1.47619e-12 
24.5928 -9.7272e-09 3.84741e-12 
24.7829 -1.56489e-08 9.88132e-12 
24.973 -2.49623e-08 2.49516e-11 
25.1631 -3.94533e-08 6.18591e-11 
25.3532 -6.17708e-08 1.50499e-10 
25.5433 -9.57796e-08 3.59144e-10 
25.7334 -1.47073e-07 8.40559e-10 
25.9235 -2.23625e-07 1.92906e-09 
26.1136 -3.36675e-07 4.34066e-09 
26.3037 -5.01849e-07 9.57481e-09 
26.4938 -7.40602e-07 2.07026e-08 
26.6839 -1.08193e-06 4.38682e-08 
26.874 -1.56445e-06 9.10735e-08 
27.0641 -2.23893e-06 1.8522e-07 
27.2542 -3.17072e-06 3.68877e-07 
27.4443 -4.44255e-06 7.19138e-07 
27.6344 -6.15721e-06 1.37189e-06 
27.8245 -8.4393e-06 2.55968e-06 
28.0146 -1.14359e-05 4.66829e-06 
28.2047 -1.53159e-05 8.31692e-06 
28.3948 -2.02652e-05 1.44631e-05 
28.5849 -2.64777e-05 2.45258e-05 
28.775 -3.41402e-05 4.05057e-05 
28.9651 -4.34104e-05 6.50597e-05 
29.1552 -5.4388e-05 0.000101459 
29.3453 -6.70726e-05 0.000153303 
29.5354 -8.12976e-05 0.000223776 
29.7255 -9.66526e-05 0.000314266 
29.9156 -0.000112432 0.000422555 
30.1057 -0.000127573 0.000540592 
30.2958 -0.000140448 0.000651103 
30.4859 -0.000148737 0.00072567 
30.676 -0.000149604 0.000729601 
30.8661 -0.000139466 0.000630167 
31.0562 -0.000113604 0.000415563 
31.2463 -6.68762e-05 0.000143135 
31.4364 6.54642e-06 1.36325e-06 
31.6265 0.000113507 0.000407376 
31.8166 0.000259982 0.00212438 
32.0067 0.00045272 0.00640351 
32.1968 0.00069763 0.015116 
32.3869 0.000997456 0.0307198 
32.577 0.00135519 0.0563758 
32.7671 0.00176893 0.0954961 
32.9572 0.00223283 0.151273 
33.1473 0.00273735 0.226055 
33.3374 0.00326704 0.320167 
33.5275 0.00380081 0.430876 
33.7176 0.00431246 0.551562 
33.9077 0.004772 0.671588 
34.0978 0.00514415 0.776072 
34.2879 0.00539447 0.848705 
34.478 0.00548807 0.873571 
34.6681 0.00539458 0.839432 
34.8582 0.0050914 0.743651 
35.0483 0.00456612 0.594877 
35.2384 0.00382058 0.414231 
35.4285 0.00287277 0.232942 
35.6186 0.00175848 0.0868162 
35.8087 0.000530828 0.007869 
35.9988 -0.000740638 0.0152379 
36.1889 -0.00197483 0.107767 
36.379 -0.00308319 0.261306 
36.5691 -0.00397797 0.432721 
36.7592 -0.00457956 0.570533 
36.9493 -0.00482555 0.630213 
37.1394 -0.00467867 0.5894 
37.3295 -0.00413344 0.45769 
37.5196 -0.00322038 0.276411 
37.7097 -0.00200687 0.106803 
37.8998 -0.000594046 0.00931115 
38.0899 0.000890259 0.0208077 
38.28 0.00230268 0.138515 
38.4701 0.00349829 0.318118 
38.6602 0.00434642 0.488652 
38.8503 0.00474646 0.579889 
39.0404 0.00464169 0.551871 
39.2305 0.00402921 0.413824 
39.4206 0.00296419 0.22289 
39.6107 0.00155739 0.0612323 
39.8008 -3.46901e-05 3.02358e-05 
39.9909 -0.0016261 0.0661201 
40.181 -0.00302305 0.227442 
40.3711 -0.00404819 0.405931 
40.5612 -0.00456455 0.513671 
40.7513 -0.0044958 0.495989 
40.9414 -0.00383976 0.36012 
41.1315 -0.00267257 0.173653 
41.3216 -0.00114212 0.031568 
41.5117 0.000548918 0.00725847 
41.7018 0.00216916 0.112831 
41.8919 0.00349012 0.290771 
42.082 0.00431944 0.443364 
42.2721 0.00453051 0.485559 
42.4622 0.0040839 0.392779 
42.6523 0.00303679 0.216216 
42.8424 0.00153802 0.0552143 
43.0325 -0.000191224 0.000849747 
43.2226 -0.00188907 0.0825632 
43.4127 -0.00329242 0.249698 
43.6028 -0.00417857 0.400444 
43.7929 -0.00440204 0.44249 
43.983 -0.00392056 0.349471 
44.1731 -0.00280519 0.178142 
44.3632 -0.00123206 0.0342167 
44.5532 0.000543791 0.00663719 
44.7433 0.0022288 0.111024 
44.9334 0.00353948 0.278811 
45.1235 0.00425097 0.400472 
45.3136 0.00423724 0.396221 
45.5037 0.00349549 0.268515 
45.6938 0.00214966 0.10113 
45.8839 0.000431659 0.00406088 
46.074 -0.00135728 0.0399838 
46.2641 -0.00289898 0.181655 
46.4542 -0.00391528 0.32999 
46.6443 -0.00421949 0.3817 
46.8344 -0.00375248 0.300656 
47.0245 -0.00259614 0.143328 
47.2146 -0.000961058 0.0195624 
47.4047 0.000850421 0.0152562 
47.5948 0.00249936 0.13125 
47.7849 0.00367378 0.282445 
47.975 0.00414863 0.358751 
48.1651 0.00383052 0.304637 
48.3552 0.00277797 0.159592 
48.5453 0.00119252 0.0292946 
48.7354 -0.000618336 0.0078452 
48.9255 -0.00230008 0.108131 
49.1156 -0.0035205 0.252342 
49.3057 -0.00403621 0.330408 
49.4958 -0.0037426 0.282995 
49.6859 -0.00269685 0.146379 
49.876 -0.00110852 0.0246373 
50.0661 0.000701022 0.00981565 
50.2562 0.0023629 0.111097 
50.4463 0.00353601 0.247854 
50.6364 0.00397781 0.312482 
50.8265 0.00359587 0.254401 
51.0166 0.00246891 0.119481 
51.2067 0.000832164 0.0135236 
51.3968 -0.00097045 0.0183236 
51.5869 -0.00255802 0.126844 
51.777 -0.0035933 0.249373 
51.9671 -0.00385523 0.286004 
52.1572 -0.00328748 0.207211 
52.3473 -0.00201219 0.0773469 
52.5374 -0.000305089 0.00177167 
52.7275 0.00146304 0.0405954 
52.9176 0.00290662 0.159652 
53.1077 0.00370967 0.259127 
53.2978 0.00369597 0.256299 
53.4879 0.00286917 0.153906 
53.678 0.00141328 0.0372098 
53.8681 -0.000346982 0.00223503 
54.0582 -0.0020179 0.0753244 
54.2483 -0.00322468 0.191684 
54.4384 -0.0036961 0.250947 
54.6285 -0.00332664 0.202578 
54.8186 -0.00220133 0.088398 
55.0087 -0.000577636 0.00606564 
55.1988 0.00117254 0.0249073 
55.3889 0.00264759 0.126555 
55.579 0.00350858 0.221489 
55.7691 0.00355795 0.226989 
55.9592 0.00278603 0.138707 
56.1493 0.0013742 0.0336324 
56.3394 -0.000346597 0.00213224 
56.5295 -0.00197276 0.0688449 
56.7196 -0.00312257 0.171906 
56.9097 -0.00352633 0.218505 
57.0998 -0.00309055 0.167277 
57.2899 -0.00192081 0.064401 
57.48 -0.00029734 0.00153812 
57.6701 0.00139133 0.0335666 
57.8602 0.002741 0.129849 
58.0503 0.00342886 0.202533 
58.2404 0.00329149 0.18602 
58.4305 0.00236471 0.0957005 
58.6206 0.00087548 0.013075 
58.8107 -0.00081276 0.0112323 
59.0008 -0.00228833 0.0887521 
59.1909 -0.00319174 0.172107 
59.381 -0.00330383 0.183817 
59.5711 -0.00259987 0.113467 
59.7612 -0.00125602 0.0263982 
59.9513 0.000393873 0.00258769 
60.1414 0.0019406 0.0626181 
60.3315 0.00300106 0.149281 
60.5216 0.00331353 0.181414 
60.7117 0.00280314 0.129425 
60.9018 0.00160073 0.0420731 
61.0919 1.02852e-05 1.73157e-06 
61.282 -0.00156726 0.0400822 
61.4721 -0.00273494 0.121679 
61.6622 -0.00319987 0.166053 
61.8523 -0.00284747 0.131088 
62.0424 -0.00177051 0.0505249 
62.2325 -0.000245617 0.000969389 
62.4226 0.0013371 0.028641 
62.6127 0.00257367 0.10579 
62.8028 0.00314954 0.157949 
62.9929 0.00292024 0.135377 
63.183 0.00194841 0.0600844 
63.3731 0.000487675 0.00375281 
63.5632 -0.00108293 0.0184501 
63.7533 -0.00235699 0.087139 
63.9434 -0.00300597 0.14131 
64.1335 -0.00286449 0.127941 
64.3236 -0.00197318 0.0605287 
64.5137 -0.000567909 0.00499926 
64.7038 0.000981977 0.014903 
64.8939 0.00227046 0.0794369 
65.084 0.00296129 0.134737 
65.2741 0.00287625 0.126739 
65.4642 0.0020418 0.0636829 
65.6543 0.000681856 0.00708144 
65.8444 -0.000841688 0.0107593 
66.0345 -0.0021249 0.0683766 
66.2246 -0.00282899 0.120849 
66.4147 -0.00277013 0.115541 
66.6048 -0.0019681 0.0581553 
66.7949 -0.000640645 0.00614458 
66.985 0.000855073 0.0109151 
67.1751 0.00211827 0.0667963 
67.3652 0.00281198 0.117378 
67.5553 0.00275338 0.112221 
67.7454 0.00196257 0.0568553 
67.9355 0.000656683 0.00634767 
68.1256 -0.000809137 0.00961022 
68.3157 -0.00203801 0.0607983 
68.5058 -0.00269882 0.106322 
68.6959 -0.00261581 0.0996049 
68.886 -0.00181583 0.0478651 
69.0761 -0.000520551 0.00392282 
69.2662 0.000914474 0.0120732 
69.4563 0.00209715 0.0633207 
69.6464 0.00270603 0.10514 
69.8365 0.00257808 0.0951723 
70.0266 0.00175286 0.0438763 
70.2167 0.000461044 0.00302722 
70.4068 -0.000939524 0.0125372 
70.5969 -0.00206274 0.0602701 
70.787 -0.00260071 0.0955501 
70.9771 -0.00240853 0.0817305 
71.1672 -0.00154374 0.0334862 
71.3573 -0.000249788 0.000874392 
71.5474 0.00111209 0.0172855 
71.7375 0.00216353 0.06525 
71.9276 0.0026143 0.09502 
72.1177 0.00234272 0.0761023 
72.3078 0.00142902 0.0282418 
72.4979 0.00013225 0.000241251 
72.688 -0.00118279 0.0192465 
72.8781 -0.00214798 0.0633087 
73.0682 -0.00249505 0.0851979 
73.2583 -0.00213046 0.0619571 
73.4484 -0.00116107 0.0183542 
73.6385 0.000136707 0.00025379 
73.8286 0.00139537 0.0263728 
74.0187 0.00226031 0.0690234 
74.2088 0.00248987 0.0835409 
74.3989 0.00202323 0.0550205 
74.589 0.000996913 0.0133242 
74.7791 -0.000294668 0.00116114 
74.9692 -0.00148336 0.0293502 
75.1593 -0.00223214 0.0662918 
75.3494 -0.00233083 0.0721008 
75.5395 -0.00175542 0.0407934 
75.7296 -0.000674202 0.00600226 
75.9197 0.000601104 0.00475932 
76.1098 0.00170494 0.0381926 
76.2999 0.00232273 0.0707087 
76.49 0.00228071 0.068004 
76.6801 0.00159519 0.033185 
76.8702 0.000467066 0.00283791 
77.0603 -0.000776669 0.00782782 
77.2504 -0.00177751 0.0409001 
77.4405 -0.0022488 0.0653031 
77.6306 -0.00205804 0.0545601 
77.8207 -0.00126448 0.020546 
78.0108 -0.000101155 0.000131165 
78.2009 0.0010932 0.0152824 
78.391 0.00197271 0.0496433 
78.5811 0.00228456 0.0664184 
78.7712 0.00194197 0.0478761 
78.9613 0.00104864 0.0139263 
79.1514 -0.000132235 0.000220921 
79.3415 -0.00125518 0.0198571 
79.5316 -0.00199349 0.0499674 
79.7217 -0.00213431 0.0571397 
79.9118 -0.00164032 0.0336701 
80.1019 -0.000659807 0.00543489 
80.292 0.000517476 0.0033351 
80.4821 0.00154576 0.0296881 
80.6722 0.00212476 0.0559625 
80.8623 0.00208758 0.0538939 
81.0524 0.00144903 0.0259054 
81.2425 0.000400537 0.00197471 
81.4326 -0.000746977 0.00685199 
81.6227 -0.0016551 0.0335613 
81.8128 -0.00205775 0.0517566 
82.0029 -0.00183931 0.0412556 
82.193 -0.00106807 0.0138793 
82.3831 2.47556e-05 7.43889e-06 
82.5732 0.00111411 0.0150321 
82.7633 0.00187768 0.0425997 
82.9534 0.00209134 0.052725 
83.1435 0.00169515 0.034561 
83.3336 0.000810388 0.00788073 
83.5237 -0.000297211 0.00105759 
83.7138 -0.0012971 0.0200978 
83.9039 -0.00189248 0.0426855 
84.094 -0.00190851 0.0433135 
84.2841 -0.00134384 0.0214264 
84.4742 -0.000370272 0.001623 
84.6643 0.00071927 0.00611061 
84.8544 0.00159873 0.0301214 
85.0445 0.0020065 0.0473402 
85.2346 0.00182338 0.0390067 
85.4247 0.00110767 0.0143628 
85.6148 7.6916e-05 6.91011e-05 
85.8049 -0.000957986 0.0106956 
85.995 -0.00168644 0.0330727 
86.1851 -0.00189142 0.0415093 
86.3752 -0.00151428 0.0265474 
86.5653 -0.000671695 0.00521195 
86.7554 0.000380142 0.0016657 
86.9455 0.00132329 0.0201401 
87.1356 0.0018741 0.0403079 
87.3257 0.00186864 0.0399863 
87.5158 0.00131166 0.0196586 
87.7059 0.000374434 0.00159853 
87.896 -0.000657625 0.00492026 
88.0861 -0.0014718 0.0245918 
88.2762 -0.00182279 0.0376383 
88.4663 -0.00160674 0.0291821 
88.6564 -0.00089215 0.00897772 
88.8465 0.000101621 0.000116233 
89.0366 0.00107149 0.0128945 
89.2267 0.00172302 0.0332727 
89.4168 0.0018599 0.0386864 
89.6069 0.00144317 0.0232432 
89.797 0.000602552 0.00404322 
89.9871 -0.000403777 0.00181177 
90.1772 -0.0012683 0.017838 
90.3673 -0.0017281 0.0330465 
90.5574 -0.00164491 0.0298784 
90.7475 -0.00104682 0.0120756 
90.9376 -0.000119086 0.000155947 
91.1277 0.000853089 0.00798617 
91.3178 0.00157215 0.0270666 
91.5079 0.00181928 0.0361695 
91.698 0.00152111 0.0252327 
91.8881 0.000771663 0.00648032 
92.0782 -0.0001971 0.000421906 
92.2683 -0.0010869 0.0128035 
92.4584 -0.00162495 0.0285585 
92.6485 -0.00164762 0.0293007 
92.8385 -0.00115033 0.0142534 
93.0286 -0.000288391 0.000894017 
93.2187 0.000671343 0.00483489 
93.4088 0.00143298 0.0219834 
93.5989 0.00176285 0.0332015 
93.789 0.00156123 0.0259886 
93.9791 0.000892711 0.00847989 
94.1692 -3.43612e-05 1.2538e-05 
94.3593 -0.000932639 0.00921812 
94.5494 -0.00152478 0.02459 
94.7395 -0.00162912 0.0280141 
94.9296 -0.00121549 0.0155632 
95.1197 -0.000414044 0.00180228 
95.3098 0.000525512 0.00289753 
95.4999 0.00131166 0.0180152 
95.69 0.00170148 0.0302544 
95.8801 0.00157582 0.025899 
96.0702 0.000975789 0.00991113 
96.2603 8.95491e-05 8.33058e-05 
96.4504 -0.000806589 0.00674528 
96.6405 -0.00143423 0.0212853 
96.8306 -0.00159941 0.0264185 
97.0207 -0.00125261 0.0161721 
97.2108 -0.000503711 0.00261005 
97.4009 0.00041266 0.00174833 
97.591 0.00121057 0.0150165 
97.7811 0.00164196 0.0275722 
97.9712 0.00157384 0.0252826 
98.1613 0.00102936 0.0107944 
98.3514 0.000180184 0.000330104 
98.5415 -0.000707559 0.0050805 
98.7316 -0.00135658 0.0186395 
98.9217 -0.00156505 0.024761 
99.1118 -0.00126947 0.01626 
99.3019 -0.000564063 0.00320404 
99.492 0.000329092 0.00108855 
99.6821 0.0011299 0.0128075 
99.8722 0.00158808 0.0252523 
100.062 0.0015614 0.0243646 
100.252 0.00105996 0.0112069 
100.443 0.00024259 0.000585906 
100.633 -0.000633357 0.0039862 
100.823 -0.00129295 0.0165808 
101.013 -0.00152998 0.0231738 
101.203 -0.00127152 0.0159754 
101.393 -0.000600392 0.00355518 
101.583 0.000271177 0.00072391 
101.773 0.00106864 0.011221 
101.963 0.00154158 0.023307 
102.153 0.00154236 0.0232871 
102.344 0.00107232 0.0112354 
102.534 0.00028097 0.000769933 
102.724 -0.00058148 0.00329154 
102.914 -0.00124316 0.015017 
