0.223726 -0.0091678 375.677 0 0 
0.348617 -0.0146141 612.628 0 0 
0.473508 -0.0251239 1333.05 0 0 
0.598399 -0.0350608 2054.25 -9.07812e-09 1.37721e-10 
0.72329 -0.0444532 2732.09 -5.75568e-08 4.58016e-09 
0.848181 -0.0511207 3081.09 -2.70154e-07 8.6047e-08 
0.973072 -0.0541646 3014.99 -1.01337e-06 1.05533e-06 
1.09796 -0.0522085 2482.53 -3.17409e-06 9.17594e-06 
1.22285 -0.0464658 1765.6 -8.75143e-06 6.26302e-05 
1.34775 -0.0359653 959.754 -2.13883e-05 0.000339426 
1.47264 -0.0225036 343.883 -4.77385e-05 0.00154754 
1.59753 -0.00714959 31.9974 -9.83183e-05 0.00605091 
1.72242 0.00854692 42.4112 -0.000188946 0.020727 
1.84731 0.0230609 287.881 -0.00034155 0.0631493 
1.9722 0.0350386 622.503 -0.000584787 0.173398 
2.09709 0.0434804 901.509 -0.000953289 0.433343 
2.22198 0.0478476 1030.34 -0.0014859 0.993659 
2.34687 0.0481207 986.674 -0.00222251 2.10474 
2.47176 0.0447774 811.169 -0.00319915 4.14059 
2.59666 0.0387072 576.992 -0.00444137 7.59661 
2.72155 0.0310844 355.034 -0.00595787 13.0427 
2.84644 0.0231962 189.03 -0.00773253 21.0059 
2.97133 0.0162715 89.105 -0.00971949 31.7934 
3.09622 0.0113185 41.376 -0.0118379 45.2601 
3.22111 0.00900151 25.1551 -0.0139726 60.611 
3.346 0.009563 27.3314 -0.0159816 76.3334 
3.47089 0.0128302 47.4268 -0.0176898 90.1583 
3.59578 0.0182386 92.5099 -0.018921 99.5622 
3.72068 0.0249434 167.221 -0.0195035 102.236 
3.84557 0.0319492 265.436 -0.0192941 96.8028 
3.97046 0.0382609 368.697 -0.018193 83.3624 
4.09535 0.0430235 451.982 -0.0161668 63.8199 
4.22024 0.0456404 493.585 -0.0132583 41.6525 
4.34513 0.0458479 483.767 -0.00959538 21.1895 
4.47002 0.0437401 428.006 -0.0053868 6.49161 
4.59491 0.0397411 343.717 -0.000911725 0.180905 
4.7198 0.0345304 252.627 0.00350198 2.59839 
4.84469 0.0289348 172.812 0.00750655 11.6309 
4.96959 0.0238015 113.996 0.0107685 23.3342 
5.09448 0.019874 77.5305 0.0130045 33.1963 
5.21937 0.0176869 59.9354 0.0140145 37.6302 
5.34426 0.0174936 57.2628 0.0137089 35.1654 
5.46915 0.0192399 67.6838 0.0121242 26.8774 
5.59404 0.0225818 91.1572 0.00942558 15.8815 
5.71893 0.0269453 126.956 0.00589653 6.07965 
5.84382 0.0316203 171.095 0.0019114 0.625179 
5.96871 0.0358696 215.562 -0.00210138 0.739823 
6.09361 0.0390398 250.116 -0.00570527 5.34167 
6.2185 0.0406568 265.816 -0.00850446 11.6307 
6.34339 0.0404918 258.471 -0.0101897 16.3683 
6.46828 0.0385886 230.213 -0.0105757 17.2913 
6.59317 0.0352508 188.471 -0.00962464 14.0499 
6.71806 0.0309891 142.947 -0.00745332 8.26904 
6.84295 0.0264403 102.162 -0.00432125 2.72882 
6.96784 0.0222685 71.1675 -0.000601571 0.0519369 
7.09273 0.019065 51.2461 0.00326261 1.50078 
7.21763 0.0172616 41.2825 0.00681145 6.42812 
7.34252 0.0170687 39.6787 0.0096244 12.6155 
7.46741 0.0184494 45.5822 0.0113723 17.319 
7.5923 0.0211299 58.8058 0.0118584 18.5218 
7.71719 0.0246458 78.7094 0.0110441 15.8052 
7.84208 0.0284162 102.967 0.00905352 10.4521 
7.96697 0.0318332 127.194 0.00615882 4.76104 
8.09186 0.0343544 145.853 0.00274543 0.931474 
8.21675 0.0355831 154.095 -0.000737095 0.0661221 
8.34164 0.0353255 149.598 -0.00383287 1.76115 
8.46654 0.0336161 133.472 -0.0061387 4.4509 
8.59143 0.0307085 109.762 -0.00735648 6.29905 
8.71632 0.0270332 83.8421 -0.00733198 6.1675 
8.84121 0.0231294 60.5084 -0.00607484 4.17405 
8.9661 0.0195618 42.6792 -0.00375703 1.5743 
9.09099 0.0168354 31.1769 -0.00068967 0.0523204 
9.21588 0.0153192 25.4647 0.00271866 0.801997 
9.34077 0.0151939 24.7149 0.00601663 3.87547 
9.46566 0.0164267 28.507 0.00877075 8.12686 
9.59056 0.01878 36.7746 0.0106234 11.7676 
9.71545 0.0218505 49.1429 0.0113409 13.2384 
9.84034 0.0251327 64.1899 0.0108444 11.9508 
9.96523 0.0280966 79.2176 0.00921978 8.5301 
10.0901 0.030269 90.8028 0.00670577 4.45658 
10.215 0.0313032 95.9266 0.00366016 1.31148 
10.3399 0.0310307 93.1249 0.000510576 0.0252118 
10.4648 0.0294834 83.0661 -0.00230455 0.507505 
10.5897 0.0268865 68.263 -0.00439627 1.82509 
10.7146 0.0236216 52.0768 -0.00547848 2.80121 
10.8395 0.0201668 37.5203 -0.0054069 2.69704 
10.9644 0.0170229 26.4292 -0.00419824 1.6075 
11.0892 0.0146374 19.3208 -0.00202708 0.370545 
11.2141 0.0133372 15.8622 0.000799335 0.0569759 
11.339 0.0132808 15.555 0.00388465 1.33084 
11.4639 0.0144359 18.1784 0.00679923 4.03261 
11.5888 0.0165873 23.7418 0.00914049 7.20942 
11.7137 0.0193711 32.0344 0.0105892 9.57267 
11.8386 0.0223321 42.1269 0.0109539 10.1352 
11.9635 0.0249937 52.2159 0.0101968 8.69104 
12.0884 0.0269305 59.9957 0.00843883 5.89111 
12.2133 0.0278324 63.4265 0.00594101 2.88994 
12.3382 0.0275505 61.5187 0.00306708 0.762432 
12.463 0.0261173 54.7309 0.000231281 0.00429195 
12.5879 0.0237407 44.7746 -0.00216074 0.370894 
12.7128 0.0207698 33.933 -0.00376949 1.1177 
12.8377 0.0176409 24.2411 -0.0043696 1.48729 
12.9626 0.0148099 16.9204 -0.00388126 1.16212 
13.0875 0.0126831 12.2913 -0.00238079 0.433095 
13.2124 0.011556 10.1073 -8.88199e-05 0.000597088 
13.3373 0.0115692 10.0355 0.00266208 0.531341 
13.4622 0.0126886 11.9595 0.00547571 2.22723 
13.5871 0.0147125 15.9312 0.00794946 4.65103 
13.712 0.0173036 21.8359 0.00973215 6.90745 
13.8369 0.0200414 29.0281 0.0105743 8.08099 
13.9617 0.0224873 36.219 0.0103634 7.69245 
14.0866 0.0242513 41.7506 0.00913955 5.92984 
14.2115 0.0250506 44.1567 0.00708871 3.53585 
14.3364 0.0247522 42.7354 0.00451512 1.42199 
14.4613 0.0233915 37.8363 0.00179666 0.223214 
14.5862 0.0211655 30.7126 -0.000670205 0.0307945 
14.7111 0.0184018 23.0184 -0.00252797 0.434408 
14.836 0.0155072 16.2087 -0.00350971 0.830285 
14.9609 0.0129055 11.1325 -0.00347739 0.808258 
15.0858 0.0109729 7.98137 -0.00244119 0.395035 
15.2107 0.0099809 6.54925 -0.000557313 0.0204198 
15.3355 0.0100558 6.59383 0.00189547 0.23428 
15.4604 0.0111609 8.0571 0.00455704 1.34321 
15.5853 0.0131029 11.0159 0.00703876 3.1789 
15.7102 0.0155627 15.4165 0.00898031 5.13335 
15.8351 0.0181448 20.7913 0.0101021 6.44468 
15.96 0.020438 26.1725 0.0102457 6.57729 
16.0849 0.0220784 30.3051 0.00939631 5.48905 
16.2098 0.0228038 32.0801 0.00768457 3.64302 
16.3347 0.0224934 30.9741 0.00536637 1.76299 
16.4596 0.0211851 27.2673 0.0027851 0.471263 
16.5845 0.0190687 21.925 0.000320881 0.00620851 
16.7093 0.0164557 16.2059 -0.00166526 0.165961 
16.8342 0.0137317 11.2009 -0.00288424 0.494163 
16.9591 0.0112966 7.52474 -0.00316096 0.589162 
17.084 0.00950422 5.28741 -0.00245951 0.354085 
17.2089 0.00860846 4.30623 -0.000887827 0.045804 
17.3338 0.00872541 4.39215 0.00131879 0.100336 
17.4587 0.00981652 5.51955 0.0038328 0.841434 
17.5836 0.0116954 7.77904 0.00628293 2.245 
17.7085 0.0140572 11.1588 0.008309 3.89867 
17.8334 0.0165253 15.3133 0.00961482 5.18381 
17.9583 0.0187095 19.4922 0.0100115 5.58132 
18.0831 0.0202649 22.71 0.00944493 4.93314 
18.208 0.0209446 24.0924 0.00800293 3.5175 
18.3329 0.0206361 23.2286 0.005902 1.90006 
18.4578 0.0193781 20.3442 0.00345476 0.646628 
18.5827 0.0173535 16.2056 0.00102346 0.0563679 
18.7076 0.0148609 11.8052 -0.00103359 0.0571059 
18.8325 0.0122687 7.99259 -0.0024149 0.309664 
18.9574 0.00995823 5.23101 -0.00292004 0.449778 
19.0823 0.00826641 3.58099 -0.0024788 0.321998 
19.2072 0.00743436 2.87755 -0.00116109 0.0701885 
19.3321 0.00757141 2.96535 0.000834021 0.0359812 
19.4569 0.00863923 3.83597 0.00320816 0.528978 
19.5818 0.0104584 5.58565 0.0056082 1.60617 
19.7067 0.0127363 8.23136 0.00767861 2.99193 
19.8316 0.0151124 11.5162 0.00911412 4.18862 
19.9565 0.0172132 14.847 0.00970458 4.71921 
20.0814 0.0187089 17.4303 0.00936576 4.36809 
20.2063 0.0193636 18.556 0.00815124 3.28822 
20.3312 0.0190702 17.8873 0.00624401 1.91763 
20.4561 0.0178662 15.6043 0.00392881 0.754572 
20.581 0.0159276 12.3264 0.00154964 0.11668 
20.7059 0.0135409 8.85522 -0.000541513 0.014162 
20.8308 0.0110592 5.87145 -0.00203678 0.199152 
20.9556 0.00884879 3.73651 -0.0027179 0.352505 
21.0805 0.0072327 2.48153 -0.00248819 0.293689 
21.2054 0.00644245 1.95729 -0.00138645 0.0906488 
21.3303 0.00658316 2.03176 0.000419378 0.00824543 
21.4552 0.00761823 2.70505 0.00265758 0.329185 
21.5801 0.00937561 4.07329 0.0049934 1.15542 
21.705 0.0115746 6.17233 0.00707896 2.30877 
21.8299 0.0138688 8.81101 0.00860493 3.39191 
21.9548 0.0158993 11.514 0.00934631 3.97879 
22.0797 0.017349 13.6318 0.00919548 3.82963 
22.2046 0.0179903 14.5759 0.00817778 3.01182 
22.3294 0.0177198 14.0617 0.00644716 1.86148 
22.4543 0.0165726 12.2316 0.00426285 0.809283 
22.5792 0.0147171 9.59261 0.00195045 0.168484 
22.7041 0.0124283 6.80325 -0.000146784 0.000948969 
22.829 0.0100456 4.4204 -0.00171896 0.129433 
22.9539 0.00792127 2.73359 -0.00253554 0.280081 
23.0788 0.00636686 1.75646 -0.00247928 0.26634 
23.2037 0.00560601 1.35441 -0.00156325 0.105317 
23.3286 0.00574108 1.41286 7.16211e-05 0.000219884 
23.4535 0.00673812 1.93585 0.00217803 0.202265 
23.5784 0.00843271 3.01592 0.00443949 0.835895 
23.7032 0.0105554 4.7005 0.00651771 1.79218 
23.8281 0.0127733 6.84725 0.00810304 2.75554 
23.953 0.0147405 9.07115 0.00896047 3.35198 
24.0779 0.0161508 10.8335 0.00896432 3.33745 
24.2028 0.016784 11.6393 0.00811652 2.72191 
24.3277 0.0165389 11.2437 0.00654588 1.76131 
24.4526 0.0154477 9.75898 0.00448837 0.823859 
24.5775 0.0136713 7.60467 0.00225155 0.206265 
24.7024 0.0114734 5.32901 0.000168465 0.0011489 
24.8273 0.00918087 3.39499 -0.00145208 0.0849286 
24.9522 0.00713332 2.03927 -0.00237149 0.22539 
25.077 0.00563185 1.26481 -0.00245665 0.240663 
25.2019 0.0048935 0.950177 -0.00169938 0.11459 
25.3268 0.00501867 0.994482 -0.000217215 0.00186294 
25.4517 0.00597649 1.40338 0.00176467 0.122352 
25.5766 0.00761003 2.26428 0.00394742 0.609234 
25.7015 0.00966065 3.63123 0.00600338 1.40228 
25.8264 0.0118077 5.3984 0.0076251 2.25127 
25.9513 0.0137173 7.25063 0.00857114 2.83086 
26.0762 0.0150931 8.73597 0.00870184 2.90388 
26.2011 0.015721 9.43284 0.00799983 2.44255 
26.326 0.0155014 9.12763 0.00657213 1.64069 
26.4508 0.0144635 7.90872 0.00463368 0.811731 
26.5757 0.0127605 6.12703 0.0024749 0.230478 
26.7006 0.010646 4.2447 0.000417979 0.00654316 
26.8255 0.00843469 2.6521 -0.00123133 0.05652 
26.9504 0.00645499 1.54606 -0.00222935 0.184413 
27.0753 0.0049987 0.92287 -0.00243065 0.218208 
27.2002 0.00427717 0.672575 -0.00180937 0.12036 
27.3251 0.00438957 0.705152 -0.000462721 0.00783569 
27.45 0.00530832 1.02653 0.00140407 0.0718181 
27.5749 0.0068838 1.71847 0.00350878 0.446477 
27.6998 0.0088675 2.83875 0.0055347 1.10589 
27.8247 0.0109501 4.30933 0.00717806 1.85176 
27.9495 0.0128087 5.87 0.00819343 2.40191 
28.0744 0.0141556 7.13753 0.0084302 2.53142 
28.1993 0.0147819 7.74861 0.00785473 2.18788 
28.3242 0.0145888 7.51419 0.00655499 1.517 
28.4491 0.0136021 6.50342 0.00472695 0.785405 
28.574 0.0119677 5.01247 0.00264489 0.244818 
28.6989 0.00992935 3.4354 0.000620053 0.0133965 
28.8238 0.00779085 2.10581 -0.00104599 0.0379578 
28.9487 0.00587014 1.19033 -0.00210645 0.153276 
29.0736 0.00445091 0.681395 -0.00240607 0.199121 
29.1985 0.00373983 0.479009 -0.00190396 0.124153 
29.3233 0.00383552 0.50169 -0.000679401 0.0157412 
29.4482 0.00471406 0.754624 0.00108055 0.0396486 
29.5731 0.00623306 1.31373 0.00310935 0.326921 
29.698 0.00815376 2.23866 0.00510121 0.876233 
29.8229 0.0101775 3.47322 0.00675697 1.53093 
29.9478 0.0119912 4.80134 0.00782885 2.04659 
30.0727 0.013315 5.89534 0.00815737 2.21273 
30.1976 0.0139441 6.43887 0.00769491 1.96081 
30.3225 0.01378 6.26232 0.00651246 1.3987 
30.4474 0.0128446 5.41868 0.00478851 0.753098 
30.5723 0.0112766 4.1594 0.00278202 0.25316 
30.6971 0.00931 2.82359 0.000793314 0.0205018 
30.822 0.00723824 1.69983 -0.000881039 0.0251842 
30.9469 0.00536964 0.931694 -0.0019926 0.128298 
31.0718 0.00398061 0.509955 -0.00237809 0.182008 
31.1967 0.00327391 0.343577 -0.00198359 0.126123 
31.3216 0.00334828 0.35793 -0.000872155 0.0242853 
