223.726 0 0 
224.263 0 0 
224.8 0 0 
225.338 0 0 
225.875 0 0 
226.412 0 0 
226.95 0 0 
227.487 0 0 
228.024 0 0 
228.561 0 0 
229.099 0 0 
229.636 0 0 
230.173 0 0 
230.711 0 0 
231.248 0 0 
231.785 0 0 
232.323 0 0 
232.86 0 0 
233.397 0 0 
233.934 0 0 
234.472 0 0 
235.009 0 0 
235.546 0 0 
236.084 0 0 
236.621 0 0 
237.158 0 0 
237.696 0 0 
238.233 0 0 
238.77 0 0 
239.307 0 0 
239.845 0 0 
240.382 0 0 
240.919 0 0 
241.457 0 0 
241.994 0 0 
242.531 0 0 
243.069 0 0 
243.606 0 0 
244.143 0 0 
244.68 0 0 
245.218 0 0 
245.755 0 0 
246.292 0 0 
246.83 0 0 
247.367 0 0 
247.904 0 0 
248.442 0 0 
248.979 0 0 
249.516 0 0 
250.053 0 0 
250.591 0 0 
251.128 0 0 
251.665 0 0 
252.203 0 0 
252.74 0 0 
253.277 0 0 
253.815 0 0 
254.352 0 0 
254.889 0 0 
255.426 0 0 
255.964 0 0 
256.501 0 0 
257.038 0 0 
257.576 0 0 
258.113 0 0 
258.65 0 0 
259.188 0 0 
259.725 0 0 
260.262 0 0 
260.799 0 0 
261.337 0 0 
261.874 0 0 
262.411 0 0 
262.949 0 0 
263.486 0 0 
264.023 0 0 
264.561 0 0 
265.098 0 0 
265.635 0 0 
266.172 0 0 
266.71 0 0 
267.247 0 0 
267.784 0 0 
268.322 0 0 
268.859 0 0 
269.396 0 0 
269.934 0 0 
270.471 0 0 
271.008 0 0 
271.545 0 0 
272.083 0 0 
272.62 0 0 
273.157 0 0 
273.695 0 0 
274.232 0 0 
274.769 0 0 
275.307 0 0 
275.844 0 0 
276.381 0 0 
276.918 0 0 
277.456 0 0 
277.993 0 0 
278.53 0 0 
279.068 0 0 
279.605 0 0 
280.142 0 0 
280.68 0 0 
281.217 0 0 
281.754 0 0 
282.291 0 0 
282.829 0 0 
283.366 0 0 
283.903 0 0 
284.441 0 0 
284.978 0 0 
285.515 0 0 
286.053 0 0 
286.59 0 0 
287.127 0 0 
287.664 0 0 
288.202 0 0 
288.739 0 0 
289.276 0 0 
289.814 0 0 
290.351 0 0 
290.888 0 0 
291.426 0 0 
291.963 0 0 
292.5 0 0 
293.037 0 0 
293.575 0 0 
294.112 0 0 
294.649 0 0 
295.187 0 0 
295.724 0 0 
296.261 0 0 
296.799 0 0 
297.336 0 0 
297.873 0 0 
298.41 0 0 
298.948 0 0 
299.485 0 0 
300.022 0 0 
300.56 0 0 
301.097 0 0 
301.634 0 0 
302.172 0 0 
302.709 0 0 
303.246 0 0 
303.783 0 0 
304.321 0 0 
304.858 0 0 
305.395 0 0 
305.933 0 0 
306.47 0 0 
307.007 0 0 
307.545 0 0 
308.082 0 0 
308.619 0 0 
309.156 0 0 
309.694 0 0 
310.231 0 0 
310.768 0 0 
311.306 0 0 
311.843 0 0 
312.38 0 0 
312.918 0 0 
313.455 0 0 
313.992 0 0 
314.529 0 0 
315.067 0 0 
315.604 0 0 
316.141 0 0 
316.679 0 0 
317.216 0 0 
317.753 0 0 
318.291 0 0 
318.828 0 0 
319.365 0 0 
319.902 0 0 
320.44 0 0 
320.977 0 0 
321.514 0 0 
322.052 0 0 
322.589 0 0 
323.126 0 0 
323.663 0 0 
324.201 0 0 
324.738 0 0 
325.275 0 0 
325.813 0 0 
326.35 0 0 
326.887 0 0 
327.425 0 0 
327.962 0 0 
328.499 0 0 
329.036 0 0 
329.574 0 0 
330.111 0 0 
330.648 0 0 
331.186 0 0 
331.723 0 0 
332.26 0 0 
332.798 0 0 
333.335 0 0 
333.872 0 0 
334.409 0 0 
334.947 0 0 
335.484 0 0 
336.021 0 0 
336.559 0 0 
337.096 0 0 
337.633 0 0 
338.171 0 0 
338.708 0 0 
339.245 0 0 
339.782 0 0 
340.32 0 0 
340.857 0 0 
341.394 0 0 
341.932 0 0 
342.469 0 0 
343.006 0 0 
343.544 0 0 
344.081 0 0 
344.618 0 0 
345.155 0 0 
345.693 0 0 
346.23 0 0 
346.767 0 0 
347.305 0 0 
347.842 0 0 
348.379 0 0 
348.917 0 0 
349.454 0 0 
349.991 0 0 
350.528 0 0 
351.066 0 0 
351.603 0 0 
352.14 7.30824e-46 1.51674e-87 
352.678 -2.81872e-42 2.25282e-80 
353.215 1.64105e-36 7.6244e-69 
353.752 -1.26298e-33 4.50915e-63 
354.29 1.05856e-29 3.16282e-55 
354.827 6.91749e-25 1.34859e-45 
355.364 1.34693e-18 5.10528e-33 
355.901 -1.81317e-16 9.23738e-29 
356.439 -9.95631e-15 2.78107e-25 
356.976 -2.17911e-14 1.33021e-24 
357.513 -4.125e-14 4.75943e-24 
358.051 -7.99295e-14 1.78431e-23 
358.588 -1.54474e-13 6.65452e-23 
359.125 -2.96405e-13 2.44639e-22 
359.663 -5.64298e-13 8.85365e-22 
360.2 -1.06575e-12 3.15329e-21 
360.737 -1.99652e-12 1.10498e-20 
361.274 -3.70972e-12 3.80929e-20 
361.812 -6.83624e-12 1.29167e-19 
362.349 -1.24931e-11 4.30737e-19 
362.886 -2.26392e-11 1.41238e-18 
363.424 -4.06771e-11 4.55288e-18 
363.961 -7.24588e-11 1.44254e-17 
364.498 -1.27949e-10 4.49135e-17 
365.036 -2.2394e-10 1.37382e-16 
365.573 -3.8844e-10 4.12738e-16 
366.11 -6.67666e-10 1.21761e-15 
366.647 -1.13706e-09 3.52628e-15 
367.185 -1.91839e-09 1.00228e-14 
367.722 -3.206e-09 2.79516e-14 
368.259 -5.30636e-09 7.64611e-14 
368.797 -8.69708e-09 2.05097e-13 
369.334 -1.41131e-08 5.39294e-13 
369.871 -2.26708e-08 1.38957e-12 
370.409 -3.60429e-08 3.50719e-12 
370.946 -5.67012e-08 8.66709e-12 
371.483 -8.82431e-08 2.09615e-11 
372.02 -1.35824e-07 4.95889e-11 
372.558 -2.06708e-07 1.14688e-10 
373.095 -3.10943e-07 2.59144e-10 
373.632 -4.6215e-07 5.71638e-10 
374.17 -6.78383e-07 1.22993e-09 
374.707 -9.82974e-07 2.57865e-09 
375.244 -1.4052e-06 5.26212e-09 
375.782 -1.98051e-06 1.04381e-08 
376.319 -2.75001e-06 2.00961e-08 
376.856 -3.75849e-06 3.74844e-08 
377.393 -5.05055e-06 6.759e-08 
377.931 -6.66393e-06 1.17503e-07 
378.468 -8.61923e-06 1.96294e-07 
379.005 -1.0905e-05 3.13768e-07 
379.543 -1.34578e-05 4.77187e-07 
380.08 -1.61365e-05 6.85083e-07 
380.617 -1.86921e-05 9.17969e-07 
381.155 -2.07351e-05 1.12801e-06 
381.692 -2.17034e-05 1.23408e-06 
382.229 -2.08362e-05 1.13583e-06 
382.766 -1.71621e-05 7.69494e-07 
383.304 -9.50821e-06 2.3586e-07 
383.841 3.45468e-06 3.10931e-08 
384.378 2.3127e-05 1.39149e-06 
384.916 5.0836e-05 6.71395e-06 
385.453 8.76321e-05 1.9923e-05 
385.99 0.000134031 4.65407e-05 
386.528 0.000189718 9.31183e-05 
387.065 0.000253242 0.000165686 
387.602 0.000321747 0.000267081 
388.139 0.000390803 0.000393485 
388.677 0.000454406 0.000531251 
389.214 0.000505241 0.000655855 
389.751 0.000535243 0.000735047 
390.289 0.000536504 0.000737497 
390.826 0.000502455 0.000645967 
391.363 0.00042924 0.000470783 
391.901 0.000317091 0.000256562 
392.438 0.000171428 7.48843e-05 
392.975 3.40543e-06 2.95106e-08 
393.512 -0.000170411 7.37963e-05 
394.05 -0.000329432 0.00027541 
394.587 -0.000451547 0.000516729 
395.124 -0.000516532 0.000675244 
395.662 -0.000509926 0.000657188 
396.199 -0.000426719 0.000459589 
396.736 -0.000274025 0.000189269 
397.274 -7.19085e-05 1.30158e-05 
397.811 0.000148279 5.52688e-05 
398.348 0.000348231 0.00030442 
398.885 0.000489357 0.000600348 
399.423 0.000540738 0.00073205 
399.96 0.000486816 0.000592534 
400.497 0.000332886 0.000276689 
401.035 0.000106593 2.83318e-05 
401.572 -0.000145724 5.28808e-05 
402.109 -0.000367853 0.000336515 
402.647 -0.000506329 0.00063671 
403.184 -0.000524128 0.000681352 
403.721 -0.000411894 0.000420233 
404.258 -0.000193184 9.23172e-05 
404.796 7.87096e-05 1.53045e-05 
405.333 0.000332692 0.00027307 
405.87 0.000498305 0.000611792 
406.408 0.000526031 0.000680865 
406.945 0.000403549 0.000400182 
407.482 0.000162387 6.47134e-05 
408.02 -0.000128347 4.03729e-05 
408.557 -0.00038072 0.000354779 
409.094 -0.00051458 0.000647265 
409.631 -0.000484076 0.00057205 
410.169 -0.000295127 0.000212351 
410.706 -6.85048e-06 1.14264e-07 
411.243 0.000285264 0.000197876 
411.781 0.000480394 0.00056044 
412.318 0.000507851 0.000625518 
412.855 0.000354371 0.000304172 
413.393 7.22572e-05 1.26299e-05 
413.93 -0.000236517 0.000135144 
414.467 -0.000456301 0.000502358 
415.004 -0.000501594 0.00060625 
415.542 -0.000351981 0.000298143 
416.079 -6.34168e-05 9.66569e-06 
416.616 0.000250697 0.000150856 
417.154 0.000463186 0.000514298 
417.691 0.000485154 0.000563513 
418.228 0.000304963 0.000222372 
418.766 -3.55999e-06 3.0264e-08 
419.303 -0.000309463 0.000228397 
419.84 -0.000479622 0.000547916 
420.377 -0.000437593 0.000455513 
420.915 -0.000200038 9.50675e-05 
421.452 0.00012742 3.85237e-05 
421.989 0.000395588 0.000370839 
422.527 0.000479615 0.000544417 
423.064 0.000338611 0.000271017 
423.601 3.78768e-05 3.3868e-06 
424.139 -0.0002792 0.00018379 
424.676 -0.00045864 0.00049532 
425.213 -0.000411464 0.00039816 
425.75 -0.000159922 6.00707e-05 
426.288 0.000170593 6.82685e-05 
426.825 0.000412579 0.000398808 
427.362 0.000441485 0.000456075 
427.9 0.000241555 0.000136361 
428.437 -8.31826e-05 1.61502e-05 
428.974 -0.000361176 0.000304094 
429.512 -0.000443667 0.000458289 
430.049 -0.0002857 0.000189803 
430.586 2.69874e-05 1.69146e-06 
431.123 0.000322411 0.000241112 
431.661 0.000436297 0.000440984 
432.198 0.000304591 0.00021466 
432.735 1.79983e-06 7.48586e-09 
433.273 -0.000298991 0.000206326 
433.81 -0.000424277 0.000414954 
434.347 -0.000301274 0.000208972 
434.885 -2.4682e-06 1.40084e-08 
435.422 0.000294934 0.000199774 
435.959 0.000413297 0.000391813 
436.496 0.000281681 0.000181775 
437.034 -1.94058e-05 8.61688e-07 
437.571 -0.000305142 0.000212792 
438.108 -0.000399137 0.000363633 
438.646 -0.000243443 0.000135108 
439.183 6.34761e-05 9.17435e-06 
439.72 0.000327007 0.000243185 
440.258 0.000379285 0.000326757 
440.795 0.000187432 7.96989e-05 
441.332 -0.000123494 3.45561e-05 
441.869 -0.000350222 0.000277583 
442.407 -0.00034402 0.000267514 
442.944 -0.000109852 2.72439e-05 
443.481 0.000195205 8.5922e-05 
444.019 0.000365874 0.000301482 
444.556 0.000287134 0.000185457 
445.093 1.35991e-05 4.15498e-07 
445.631 -0.000266222 0.000159042 
446.168 -0.000358877 0.000288664 
446.705 -0.000200565 9.00511e-05 
447.242 9.68706e-05 2.09817e-05 
447.78 0.00032311 0.00023315 
448.317 0.000317726 0.000225175 
448.854 8.53208e-05 1.62183e-05 
449.392 -0.000206186 9.46001e-05 
449.929 -0.000345536 0.000265365 
450.466 -0.000231617 0.000119091 
451.004 5.13581e-05 5.84842e-06 
451.541 0.00029417 0.000191645 
452.078 0.000316647 0.000221788 
452.615 0.000102481 2.32038e-05 
453.153 -0.000186933 7.71127e-05 
453.69 -0.000332713 0.000243995 
454.227 -0.000224293 0.000110754 
454.765 5.50142e-05 6.65522e-06 
455.302 0.000290184 0.000184947 
455.839 0.000299438 0.000196699 
456.377 7.58696e-05 1.26128e-05 
456.914 -0.000205484 9.24102e-05 
457.451 -0.000323441 0.00022869 
457.988 -0.000184962 7.46986e-05 
458.526 9.97504e-05 2.17003e-05 
459.063 0.000303282 0.000200365 
459.6 0.000262355 0.000149761 
460.138 1.01113e-05 2.2219e-07 
460.675 -0.000248882 0.00013446 
461.212 -0.000303642 0.000199905 
461.75 -0.000109422 2.59301e-05 
462.287 0.000173923 6.54339e-05 
462.824 0.000312166 0.00021055 
463.361 0.000190551 7.83613e-05 
463.899 -8.93607e-05 1.72135e-05 
464.436 -0.000292874 0.000184686 
464.973 -0.000248637 0.000132955 
465.511 5.81641e-06 7.26741e-08 
466.048 0.000254151 0.000138596 
466.585 0.000284389 0.000173339 
467.123 7.07323e-05 1.07104e-05 
467.66 -0.000202676 8.78364e-05 
468.197 -0.000299329 0.000191368 
468.734 -0.000135406 3.91153e-05 
469.272 0.000145892 4.53565e-05 
469.809 0.000298036 0.000189068 
470.346 0.00018729 7.45778e-05 
470.884 -8.82722e-05 1.65476e-05 
471.421 -0.000284035 0.000171134 
471.958 -0.000225692 0.000107926 
472.496 3.43067e-05 2.49092e-06 
473.033 0.000262219 0.000145357 
473.57 0.000252542 0.000134674 
474.107 1.43244e-05 4.3279e-07 
474.645 -0.000235564 0.000116909 
475.182 -0.000269011 0.000152293 
475.719 -5.56857e-05 6.51832e-06 
476.257 0.000207761 9.0633e-05 
476.794 0.000277919 0.000161997 
477.331 9.00632e-05 1.69932e-05 
477.869 -0.000180497 6.81761e-05 
478.406 -0.000280801 0.000164817 
478.943 -0.000117074 2.86177e-05 
479.48 0.000156051 5.0788e-05 
480.018 0.000280247 0.000163616 
480.555 0.000137959 3.96057e-05 
481.092 -0.000134885 3.78183e-05 
481.63 -0.000277322 0.000159682 
482.167 -0.000152916 4.8496e-05 
482.704 0.000118201 2.8944e-05 
483.242 0.000273875 0.000155218 
483.779 0.000163262 5.50962e-05 
484.316 -0.000105746 2.30886e-05 
484.853 -0.000270284 0.000150671 
485.391 -0.000169129 5.8931e-05 
485.928 9.81278e-05 1.98158e-05 
486.465 0.000267655 0.000147265 
487.003 0.000171531 6.04162e-05 
487.54 -9.4769e-05 1.84214e-05 
488.077 -0.000265751 0.000144697 
488.615 -0.000170287 5.93465e-05 
489.152 9.59909e-05 1.88372e-05 
489.689 0.000265076 0.000143489 
490.226 0.000166033 5.6233e-05 
490.764 -0.000101095 2.08249e-05 
491.301 -0.00026496 0.000142894 
491.838 -0.000158289 5.09421e-05 
492.376 0.000110263 2.46926e-05 
492.913 0.000265456 0.00014296 
493.45 0.000147364 4.40089e-05 
493.988 -0.000122703 3.04783e-05 
494.525 -0.00026554 0.000142584 
495.062 -0.000132582 3.55066e-05 
495.599 0.00013842 3.86603e-05 
496.137 0.000264888 0.000141424 
496.674 0.00011406 2.61934e-05 
497.211 -0.000156436 4.92192e-05 
497.749 -0.000262164 0.000138082 
498.286 -9.1099e-05 1.66551e-05 
498.823 0.000176414 6.2391e-05 
499.361 0.000256729 0.000131988 
499.898 6.39226e-05 8.17386e-06 
500.435 -0.000196969 7.75263e-05 
500.972 -0.000247056 0.000121836 
501.51 -3.21686e-05 2.06341e-06 
502.047 0.000217215 9.39795e-05 
502.584 0.000232383 0.000107449 
503.122 -3.45803e-06 2.37675e-08 
503.659 -0.000235261 0.000109892 
504.196 -0.000211328 8.85759e-05 
504.734 4.26157e-05 3.59814e-06 
505.271 0.000249739 0.000123438 
505.808 0.000183446 6.65323e-05 
506.345 -8.37932e-05 1.38666e-05 
506.883 -0.000258384 0.000131711 
507.42 -0.000147929 4.31261e-05 
507.957 0.00012567 3.10911e-05 
508.495 0.000259553 0.000132485 
509.032 0.000105162 2.17257e-05 
509.569 -0.00016571 5.38881e-05 
510.107 -0.000251015 0.00012352 
510.644 -5.55323e-05 6.03911e-06 
511.181 0.000201544 7.94626e-05 
511.718 0.000231507 0.000104736 
512.256 9.04223e-07 1.59611e-09 
512.793 -0.000229772 0.000102956 
513.33 -0.000199708 7.76949e-05 
513.868 5.65436e-05 6.2218e-06 
514.405 0.000247449 0.000119033 
514.942 0.000155829 4.71559e-05 
515.48 -0.000113048 2.4792e-05 
516.017 -0.000251196 0.000122282 
516.554 -0.000100683 1.96245e-05 
517.091 0.000164634 5.24169e-05 
517.629 0.000238891 0.000110251 
518.166 3.71229e-05 2.65959e-06 
518.703 -0.000206244 8.20059e-05 
519.241 -0.000208958 8.40913e-05 
519.778 3.11086e-05 1.86185e-06 
520.315 0.000233376 0.000104676 
520.853 0.000161975 5.03713e-05 
521.39 -9.83264e-05 1.85429e-05 
521.927 -0.000241507 0.000111751 
522.464 -9.98982e-05 1.91011e-05 
523.002 0.000158386 4.79658e-05 
523.539 0.000227955 9.9254e-05 
524.076 2.74291e-05 1.43558e-06 
524.614 -0.000204163 7.94536e-05 
525.151 -0.000191505 6.98355e-05 
525.688 4.91616e-05 4.59752e-06 
526.226 0.000229535 0.000100121 
526.763 0.000134154 3.41659e-05 
527.3 -0.000121375 2.79382e-05 
527.837 -0.000229347 9.96522e-05 
528.375 -6.04246e-05 6.91011e-06 
528.912 0.000180374 6.15128e-05 
529.449 0.000201582 7.67501e-05 
529.987 -2.15951e-05 8.79921e-07 
530.524 -0.00021718 8.89068e-05 
531.061 -0.000147283 4.08469e-05 
531.599 0.000101882 1.95258e-05 
532.136 0.000225219 9.53207e-05 
532.673 7.2136e-05 9.76884e-06 
533.21 -0.000168654 5.33453e-05 
533.748 -0.000200852 7.55817e-05 
534.285 1.46061e-05 3.99299e-07 
534.822 0.000211101 8.3324e-05 
535.36 0.000145659 3.96305e-05 
535.897 -0.000100005 1.86622e-05 
536.434 -0.000220479 9.06183e-05 
536.972 -6.61496e-05 8.14899e-06 
537.509 0.000170117 5.38409e-05 
538.046 0.000193161 6.93454e-05 
538.583 -2.55073e-05 1.20803e-06 
539.121 -0.000211482 8.29588e-05 
539.658 -0.000131305 3.19478e-05 
540.195 0.00011386 2.3999e-05 
540.733 0.000214911 8.54153e-05 
541.27 4.44298e-05 3.647e-06 
541.807 -0.000181782 6.09895e-05 
542.345 -0.000177145 5.78605e-05 
542.882 5.23044e-05 5.03931e-06 
543.419 0.00021481 8.49131e-05 
543.956 0.000103521 1.97013e-05 
544.494 -0.00013952 3.57503e-05 
545.031 -0.000203829 7.62275e-05 
545.568 -7.20945e-06 9.52698e-08 
546.106 0.000198297 7.2004e-05 
546.643 0.000148953 4.05877e-05 
547.18 -9.17061e-05 1.53697e-05 
547.718 -0.000213792 8.345e-05 
548.255 -5.99713e-05 6.56001e-06 
548.792 0.000170981 5.32707e-05 
549.329 0.000180372 5.9225e-05 
549.867 -4.37818e-05 3.48602e-06 
550.404 -0.000210566 8.05557e-05 
550.941 -0.000103434 1.94187e-05 
551.479 0.000137944 3.45048e-05 
552.016 0.000198998 7.17378e-05 
552.553 3.8087e-07 2.6253e-10 
553.091 -0.000198027 7.09009e-05 
553.628 -0.000136721 3.3764e-05 
554.165 0.000103419 1.93001e-05 
554.702 0.000206993 7.72418e-05 
555.24 3.83572e-05 2.64981e-06 
555.777 -0.00017988 5.82192e-05 
556.314 -0.000160165 4.61119e-05 
556.852 7.06229e-05 8.95677e-06 
557.389 0.000206905 7.68042e-05 
557.926 6.89141e-05 8.51216e-06 
558.464 -0.000159377 4.5484e-05 
559.001 -0.000174874 5.47065e-05 
559.538 4.18648e-05 3.13233e-06 
560.075 0.000201421 7.24372e-05 
560.613 9.17367e-05 1.50115e-05 
561.15 -0.000139314 3.45868e-05 
561.687 -0.000182522 5.93112e-05 
562.225 1.86153e-05 6.16353e-07 
562.762 0.000193144 6.62883e-05 
563.299 0.00010728 2.04312e-05 
563.837 -0.00012178 2.63025e-05 
564.374 -0.000184982 6.06305e-05 
564.911 1.48317e-06 3.89408e-09 
565.448 0.0001842 6.00047e-05 
565.986 0.000116456 2.39619e-05 
566.523 -0.000108066 2.0614e-05 
567.06 -0.000183959 5.96775e-05 
567.598 -9.5382e-06 1.60285e-07 
568.135 0.000176098 5.45831e-05 
568.672 0.000120292 2.54454e-05 
569.21 -9.8802e-05 1.71498e-05 
569.747 -0.000180761 5.73491e-05 
570.284 -1.47877e-05 3.83452e-07 
570.821 0.000169732 5.04693e-05 
571.359 0.000119682 2.50696e-05 
571.896 -9.41329e-05 1.54941e-05 
572.433 -0.000176251 5.42674e-05 
572.971 -1.47491e-05 3.79663e-07 
573.508 0.000165477 4.77459e-05 
574.045 0.000115301 2.31591e-05 
574.583 -9.38721e-05 1.53363e-05 
575.12 -0.00017085 5.07539e-05 
575.657 -9.90733e-06 1.7051e-07 
576.194 0.000163304 4.62831e-05 
576.732 0.000107563 2.00608e-05 
577.269 -9.76204e-05 1.65083e-05 
577.806 -0.0001646 4.68895e-05 
578.344 -7.34155e-07 9.31944e-10 
578.881 0.000162813 4.57921e-05 
579.418 9.66434e-05 1.61195e-05 
579.956 -0.000104757 1.89222e-05 
580.493 -0.000157186 4.25628e-05 
581.03 1.23094e-05 2.60782e-07 
581.567 0.000163285 4.58449e-05 
582.105 8.25221e-05 1.16988e-05 
582.642 -0.000114482 2.24945e-05 
583.179 -0.000148006 3.75625e-05 
583.717 2.8757e-05 1.41672e-06 
584.254 0.000163731 4.58836e-05 
584.791 6.50427e-05 7.2343e-06 
585.329 -0.000125827 2.70487e-05 
585.866 -0.000136262 3.16921e-05 
586.403 4.80761e-05 3.94151e-06 
586.94 0.000162967 4.52486e-05 
587.478 4.40469e-05 3.30248e-06 
588.015 -0.000137628 3.22125e-05 
588.552 -0.0001211 2.49174e-05 
589.09 6.95336e-05 8.20745e-06 
589.627 0.000159667 4.32369e-05 
590.164 1.95496e-05 6.47591e-07 
590.702 -0.00014848 3.73222e-05 
591.239 -0.00010174 1.75072e-05 
591.776 9.20915e-05 1.43312e-05 
592.313 0.000152434 3.92293e-05 
592.851 -8.1306e-06 1.11506e-07 
593.388 -0.000156742 4.14029e-05 
593.925 -7.76358e-05 1.01483e-05 
594.463 0.000114306 2.19793e-05 
595 0.000139919 3.29031e-05 
595.537 -3.8182e-05 2.44798e-06 
596.075 -0.000160548 4.32425e-05 
596.612 -4.86395e-05 3.96539e-06 
597.149 0.0001343 3.02043e-05 
597.686 0.000120972 2.44846e-05 
598.224 -6.92492e-05 8.01616e-06 
598.761 -0.000157996 4.16905e-05 
599.298 -1.51914e-05 3.85084e-07 
599.836 0.00014985 3.74354e-05 
600.373 9.49202e-05 1.50071e-05 
600.91 -9.93339e-05 1.64205e-05 
601.448 -0.000147356 3.61027e-05 
601.985 2.14839e-05 7.66726e-07 
602.522 0.000158517 4.17038e-05 
603.059 6.18285e-05 6.33895e-06 
603.597 -0.000125822 2.6228e-05 
604.134 -0.000127394 2.68635e-05 
604.671 5.92148e-05 5.79884e-06 
605.209 0.000157885 4.11887e-05 
605.746 2.27972e-05 8.57974e-07 
606.283 -0.000145587 3.496e-05 
606.821 -9.7707e-05 1.57323e-05 
607.358 9.48816e-05 1.48224e-05 
607.895 0.000145974 3.50529e-05 
608.432 -1.98348e-05 6.46612e-07 
608.97 -0.000155337 3.96234e-05 
609.507 -5.91326e-05 5.73687e-06 
610.044 0.000124554 2.54304e-05 
610.582 0.000121701 2.42575e-05 
611.119 -6.24412e-05 6.37994e-06 
611.656 -0.000152141 3.78428e-05 
612.194 -1.40779e-05 3.23734e-07 
612.731 0.000143968 3.38269e-05 
613.268 8.55432e-05 1.19322e-05 
613.805 -0.000100312 1.63936e-05 
614.343 -0.000134241 2.93332e-05 
614.88 3.33725e-05 1.81128e-06 
615.417 0.00014933 3.62348e-05 
615.955 3.9956e-05 2.59188e-06 
616.492 -0.000128285 2.66947e-05 
617.029 -0.000101717 1.6768e-05 
617.567 7.77573e-05 9.79035e-06 
618.104 0.000138076 3.08441e-05 
618.641 -1.05597e-05 1.80246e-07 
619.178 -0.00014148 3.23275e-05 
619.716 -5.69339e-05 5.23058e-06 
620.253 0.000112803 2.05151e-05 
620.79 0.000109648 1.93668e-05 
621.328 -5.97079e-05 5.73777e-06 
621.865 -0.000136297 2.9873e-05 
622.402 -4.75616e-06 3.63447e-08 
622.94 0.000132433 2.81546e-05 
623.477 6.62484e-05 7.03932e-06 
624.014 -0.000100088 1.60534e-05 
624.551 -0.000111526 1.99151e-05 
625.089 4.76668e-05 3.63488e-06 
625.626 0.000132012 2.78554e-05 
626.163 1.31516e-05 2.76228e-07 
626.701 -0.000124392 2.46902e-05 
627.238 -6.92483e-05 7.64515e-06 
627.775 9.17386e-05 1.3406e-05 
628.313 0.000109704 1.91546e-05 
628.85 -4.15342e-05 2.74324e-06 
629.387 -0.000126957 2.56091e-05 
629.924 -1.52989e-05 3.71562e-07 
630.462 0.000118879 2.24158e-05 
630.999 6.76536e-05 7.2536e-06 
631.536 -8.78928e-05 1.22323e-05 
632.074 -0.000105481 1.76028e-05 
632.611 4.10525e-05 2.66406e-06 
633.148 0.000122476 2.36917e-05 
633.686 1.24979e-05 2.46491e-07 
634.223 -0.000116044 2.12324e-05 
634.76 -6.24029e-05 6.1348e-06 
635.297 8.84434e-05 1.23127e-05 
635.835 9.99642e-05 1.57161e-05 
636.372 -4.51131e-05 3.19811e-06 
636.909 -0.000118578 2.20767e-05 
637.447 -5.48111e-06 4.71295e-08 
637.984 0.000115747 2.09994e-05 
638.521 5.44585e-05 4.64469e-06 
639.059 -9.22789e-05 1.33249e-05 
639.596 -9.30434e-05 1.35352e-05 
640.133 5.30103e-05 4.38985e-06 
640.67 0.000115051 2.06607e-05 
641.208 -4.79723e-06 3.58908e-08 
641.745 -0.000116802 2.12588e-05 
642.282 -4.37138e-05 2.97517e-06 
642.82 9.86091e-05 1.51267e-05 
643.357 8.4542e-05 1.11095e-05 
643.894 -6.36326e-05 6.28846e-06 
644.432 -0.000110726 1.9025e-05 
644.969 1.81773e-05 5.12295e-07 
645.506 0.00011831 2.1684e-05 
646.043 3.02889e-05 1.42005e-06 
646.581 -0.00010605 1.7394e-05 
647.118 -7.35514e-05 8.35984e-06 
647.655 7.6346e-05 8.99972e-06 
648.193 0.000104768 1.69337e-05 
648.73 -3.39848e-05 1.78035e-06 
649.267 -0.000118739 2.1715e-05 
649.805 -1.38662e-05 2.9589e-07 
650.342 0.000113512 1.98126e-05 
650.879 5.96615e-05 5.46876e-06 
651.416 -8.98009e-05 1.23795e-05 
651.954 -9.58133e-05 1.4081e-05 
652.491 5.17275e-05 4.10079e-06 
653.028 0.000116812 2.08949e-05 
653.566 -5.19208e-06 4.12471e-08 
654.103 -0.00011912 2.16933e-05 
654.64 -4.21014e-05 2.70763e-06 
655.178 0.00010273 1.61077e-05 
655.715 8.29255e-05 1.04872e-05 
656.252 -7.00743e-05 7.48251e-06 
656.789 -0.000110628 1.86339e-05 
657.327 2.66662e-05 1.08179e-06 
657.864 0.000121243 2.23448e-05 
658.401 2.08844e-05 6.62452e-07 
658.939 -0.000113034 1.93899e-05 
659.476 -6.49121e-05 6.38929e-06 
660.013 8.77492e-05 1.16663e-05 
660.551 9.89509e-05 1.48229e-05 
661.088 -4.92446e-05 3.66824e-06 
661.625 -0.000117711 2.09423e-05 
662.162 3.83443e-06 2.22042e-08 
662.7 0.000118881 2.13261e-05 
663.237 4.17763e-05 2.63142e-06 
663.774 -0.000102385 1.57924e-05 
664.312 -8.0534e-05 9.76307e-06 
664.849 7.13198e-05 7.65064e-06 
665.386 0.00010714 1.72516e-05 
665.924 -3.03596e-05 1.3841e-06 
666.461 -0.000117781 2.0815e-05 
666.998 -1.401e-05 2.94272e-07 
667.535 0.000111663 1.86786e-05 
668.073 5.55841e-05 4.62463e-06 
668.61 -8.99486e-05 1.21008e-05 
669.147 -8.83203e-05 1.16573e-05 
669.685 5.65019e-05 4.76712e-06 
670.222 0.000108236 1.74792e-05 
670.759 -1.61481e-05 3.88754e-07 
671.297 -0.000112836 1.89662e-05 
671.834 -2.50508e-05 9.34078e-07 
672.371 0.000102411 1.55985e-05 
672.908 6.17761e-05 5.67134e-06 
673.446 -7.87621e-05 9.21153e-06 
673.983 -8.90942e-05 1.17774e-05 
674.52 4.59028e-05 3.1238e-06 
675.058 0.000104171 1.6075e-05 
675.595 -8.28056e-06 1.01492e-07 
676.132 -0.000105434 1.6441e-05 
676.67 -2.8796e-05 1.22543e-06 
677.207 9.37444e-05 1.29769e-05 
677.744 6.10019e-05 5.49062e-06 
678.281 -7.10056e-05 7.43319e-06 
678.819 -8.43989e-05 1.04935e-05 
679.356 4.08985e-05 2.46216e-06 
679.893 9.69865e-05 1.38351e-05 
680.431 -7.15556e-06 7.52495e-08 
680.968 -9.76623e-05 1.40064e-05 
681.505 -2.57965e-05 9.76456e-07 
682.043 8.73784e-05 1.11943e-05 
682.58 5.45595e-05 4.36102e-06 
683.117 -6.76849e-05 6.70638e-06 
683.654 -7.59165e-05 8.43016e-06 
684.192 4.16246e-05 2.53234e-06 
684.729 8.83087e-05 1.13891e-05 
685.266 -1.21058e-05 2.13858e-07 
685.804 -9.07101e-05 1.19981e-05 
686.341 -1.72953e-05 4.35827e-07 
686.878 8.37628e-05 1.02146e-05 
687.416 4.38497e-05 2.79714e-06 
687.953 -6.84764e-05 6.81589e-06 
688.49 -6.48243e-05 6.10349e-06 
689.027 4.71079e-05 3.22071e-06 
689.565 7.87594e-05 8.9956e-06 
690.102 -2.18066e-05 6.89069e-07 
690.639 -8.44702e-05 1.03313e-05 
691.177 -4.5769e-06 3.03077e-08 
691.714 8.21281e-05 9.75118e-06 
692.251 2.98323e-05 1.28561e-06 
692.789 -7.20754e-05 7.49849e-06 
693.326 -5.14652e-05 3.82024e-06 
693.863 5.58502e-05 4.49547e-06 
694.4 6.8026e-05 6.66407e-06 
694.938 -3.48266e-05 1.74532e-06 
695.475 -7.79812e-05 8.74376e-06 
696.012 1.12956e-05 1.83318e-07 
696.55 8.10351e-05 9.42745e-06 
697.087 1.30014e-05 2.4249e-07 
697.624 -7.68145e-05 8.45794e-06 
698.162 -3.57009e-05 1.82558e-06 
698.699 6.61686e-05 6.26634e-06 
699.236 5.52936e-05 4.37246e-06 
699.773 -4.97683e-05 3.53955e-06 
700.311 -6.99118e-05 6.97928e-06 
700.848 2.93371e-05 1.22804e-06 
701.385 7.87256e-05 8.83639e-06 
701.923 -6.26481e-06 5.59148e-08 
702.46 -8.07518e-05 9.28289e-06 
702.997 -1.72708e-05 4.24296e-07 
703.535 7.61244e-05 8.23687e-06 
704.072 3.9646e-05 2.23245e-06 
704.609 -6.49065e-05 5.97899e-06 
705.146 -5.87316e-05 4.89176e-06 
705.684 4.82737e-05 3.30225e-06 
706.221 7.32405e-05 7.59559e-06 
706.758 -2.72345e-05 1.04946e-06 
707.296 -8.16158e-05 9.41776e-06 
707.833 3.79557e-06 2.03528e-08 
708.37 8.34127e-05 9.82208e-06 
708.908 2.04552e-05 5.90227e-07 
709.445 -7.80641e-05 8.58982e-06 
709.982 -4.31754e-05 2.62558e-06 
710.519 6.62486e-05 6.177e-06 
711.057 6.27707e-05 5.54127e-06 
711.594 -4.85385e-05 3.31086e-06 
712.131 -7.72234e-05 8.37408e-06 
712.669 2.66714e-05 9.9817e-07 
713.206 8.55733e-05 1.02674e-05 
713.743 -2.1162e-06 6.27438e-09 
714.281 -8.67206e-05 1.05287e-05 
714.818 -2.27628e-05 7.2486e-07 
715.355 8.08128e-05 9.12932e-06 
715.892 4.61871e-05 2.97984e-06 
716.43 -6.79646e-05 6.4475e-06 
716.967 -6.58422e-05 6.04658e-06 
717.504 4.95384e-05 3.42026e-06 
718.042 8.03713e-05 8.99607e-06 
718.579 -2.67373e-05 9.94856e-07 
719.116 -8.82025e-05 1.08184e-05 
719.654 1.80413e-06 4.52283e-09 
720.191 8.90024e-05 1.09991e-05 
720.728 2.34897e-05 7.65566e-07 
721.265 -8.23956e-05 9.41268e-06 
721.803 -4.66917e-05 3.02038e-06 
722.34 6.93154e-05 6.65148e-06 
722.877 6.62183e-05 6.06585e-06 
723.415 -5.0584e-05 3.53703e-06 
723.952 -8.01685e-05 8.87766e-06 
724.489 2.81553e-05 1.09418e-06 
725.027 8.78193e-05 1.06372e-05 
725.564 -3.59358e-06 1.77984e-08 
726.101 -8.83396e-05 1.07477e-05 
726.638 -2.07362e-05 5.91755e-07 
727.176 8.21866e-05 9.28887e-06 
727.713 4.32262e-05 2.56764e-06 
728.25 -6.9696e-05 6.67013e-06 
728.788 -6.18144e-05 5.24298e-06 
729.325 5.23783e-05 3.76168e-06 
729.862 7.55068e-05 7.81143e-06 
730.4 -3.141e-05 1.35075e-06 
730.937 -8.30846e-05 9.44412e-06 
731.474 8.87389e-06 1.07654e-07 
732.011 8.4544e-05 9.76445e-06 
732.549 1.37905e-05 2.5961e-07 
733.086 -7.97005e-05 8.66497e-06 
733.623 -3.45426e-05 1.62643e-06 
734.161 6.95468e-05 6.58815e-06 
734.698 5.22799e-05 3.72016e-06 
735.235 -5.47607e-05 4.07861e-06 
735.773 -6.55356e-05 5.83728e-06 
736.31 3.69978e-05 1.85905e-06 
736.847 7.39529e-05 7.4222e-06 
737.384 -1.73515e-05 4.083e-07 
737.922 -7.68931e-05 8.01243e-06 
738.459 -2.35711e-06 7.52373e-09 
738.996 7.484e-05 7.57923e-06 
739.534 2.1116e-05 6.02929e-07 
740.071 -6.79299e-05 6.23517e-06 
740.608 -3.73958e-05 1.88824e-06 
741.146 5.73051e-05 4.4308e-06 
741.683 5.06493e-05 3.45882e-06 
742.22 -4.35936e-05 2.56042e-06 
742.757 -5.99204e-05 4.83395e-06 
743.295 2.82465e-05 1.07342e-06 
743.832 6.52924e-05 5.73127e-06 
744.369 -1.2003e-05 1.9355e-07 
744.907 -6.64269e-05 5.9236e-06 
745.444 -3.74623e-06 1.88267e-08 
745.981 6.39712e-05 5.48581e-06 
746.519 1.84753e-05 4.57238e-07 
747.056 -5.8049e-05 4.51062e-06 
747.593 -3.11116e-05 1.29473e-06 
748.13 4.96526e-05 3.29538e-06 
748.668 4.15154e-05 2.30213e-06 
749.205 -3.91189e-05 2.04255e-06 
749.742 -4.90211e-05 3.20519e-06 
750.28 2.75331e-05 1.01038e-06 
750.817 5.38861e-05 3.86741e-06 
751.354 -1.52136e-05 3.08048e-07 
751.892 -5.57973e-05 4.14067e-06 
752.429 3.14329e-06 1.31311e-08 
752.966 5.5306e-05 4.06227e-06 
753.503 8.52448e-06 9.64385e-08 
754.041 -5.23193e-05 3.63019e-06 
754.578 -1.90033e-05 4.78578e-07 
755.115 4.7541e-05 2.99311e-06 
755.653 2.83519e-05 1.06376e-06 
756.19 -4.09596e-05 2.21861e-06 
756.727 -3.59832e-05 1.71104e-06 
757.265 3.33095e-05 1.46517e-06 
757.802 4.21382e-05 2.34313e-06 
758.339 -2.45617e-05 7.95527e-07 
758.876 -4.63739e-05 2.83384e-06 
759.414 1.54138e-05 3.12853e-07 
759.951 4.90483e-05 3.16564e-06 
760.488 -5.78208e-06 4.39619e-08 
761.026 -4.97983e-05 3.25859e-06 
761.563 -3.6843e-06 1.7824e-08 
762.1 4.90433e-05 3.15608e-06 
762.638 1.31141e-05 2.25508e-07 
763.175 -4.64615e-05 2.82854e-06 
763.712 -2.18867e-05 6.27237e-07 
764.249 4.25106e-05 2.36461e-06 
764.787 3.01487e-05 1.18849e-06 
765.324 -3.69082e-05 1.77992e-06 
765.861 -3.72874e-05 1.81541e-06 
766.399 3.01621e-05 1.18704e-06 
766.936 4.34566e-05 2.46236e-06 
767.473 -2.2052e-05 6.33623e-07 
768.011 -4.80543e-05 3.00675e-06 
768.548 1.31628e-05 2.25436e-07 
769.085 5.12602e-05 3.41653e-06 
769.622 -3.35942e-06 1.4664e-08 
770.16 -5.25152e-05 3.58088e-06 
770.697 -6.67906e-06 5.78825e-08 
771.234 5.20708e-05 3.51563e-06 
771.772 1.70005e-05 3.74484e-07 
772.309 -4.94631e-05 3.1679e-06 
772.846 -2.68449e-05 9.32464e-07 
773.384 4.50715e-05 2.6267e-06 
773.921 3.62066e-05 1.69386e-06 
774.458 -3.85781e-05 1.9217e-06 
774.995 -4.4295e-05 2.53168e-06 
775.533 3.05324e-05 1.20205e-06 
776.07 5.11162e-05 3.3668e-06 
776.607 -2.07907e-05 5.56594e-07 
777.145 -5.59295e-05 4.02513e-06 
777.682 1.00806e-05 1.30668e-07 
778.219 5.88399e-05 4.44879e-06 
778.757 1.58231e-06 3.21502e-09 
779.294 -5.92454e-05 4.5041e-06 
779.831 -1.33339e-05 2.2799e-07 
780.368 5.7432e-05 4.22676e-06 
780.906 2.50624e-05 8.04353e-07 
781.443 -5.30062e-05 3.59547e-06 
781.98 -3.58525e-05 1.64377e-06 
782.518 4.64847e-05 2.76138e-06 
783.055 4.5598e-05 2.65522e-06 
783.592 -3.77077e-05 1.81455e-06 
784.13 -5.34447e-05 3.64269e-06 
784.667 2.74164e-05 9.57933e-07 
785.204 5.94049e-05 4.49429e-06 
785.741 -1.56483e-05 3.11642e-07 
786.279 -6.27896e-05 5.01417e-06 
786.816 3.30669e-06 1.38968e-08 
787.353 6.38193e-05 5.1729e-06 
787.891 9.45814e-06 1.13539e-07 
788.428 -6.20434e-05 4.88235e-06 
788.965 -2.16846e-05 5.95997e-07 
789.503 5.7939e-05 4.25195e-06 
790.04 3.32304e-05 1.39773e-06 
790.577 -5.13047e-05 3.32943e-06 
791.114 -4.32012e-05 2.35914e-06 
791.652 4.28497e-05 2.31933e-06 
792.189 5.15783e-05 3.35819e-06 
792.726 -3.25701e-05 1.33818e-06 
793.264 -5.76311e-05 4.18694e-06 
793.801 2.1335e-05 5.73422e-07 
794.338 6.15436e-05 4.76827e-06 
794.876 -9.24758e-06 1.07586e-07 
795.413 -6.2805e-05 4.95902e-06 
795.95 -2.76263e-06 9.58868e-09 
796.487 6.18338e-05 4.80035e-06 
797.025 1.45923e-05 2.67161e-07 
797.562 -5.83443e-05 4.26807e-06 
798.099 -2.5357e-05 8.05636e-07 
798.637 5.29711e-05 3.5134e-06 
799.174 3.50526e-05 1.53744e-06 
799.711 -4.56119e-05 2.6015e-06 
800.249 -4.29278e-05 2.30278e-06 
800.786 3.70557e-05 1.71472e-06 
801.323 4.91489e-05 3.01453e-06 
801.86 -2.73081e-05 9.30003e-07 
802.398 -5.31537e-05 3.52109e-06 
802.935 1.72244e-05 3.69492e-07 
803.472 5.5311e-05 3.80761e-06 
804.01 -6.82387e-06 5.79163e-08 
804.547 -5.52537e-05 3.79464e-06 
805.084 -3.06945e-06 1.17025e-08 
805.622 5.35317e-05 3.55706e-06 
806.159 1.25091e-05 1.94104e-07 
806.696 -4.9934e-05 3.09088e-06 
807.233 -2.07754e-05 5.34689e-07 
807.771 4.51371e-05 2.5222e-06 
808.308 2.80503e-05 9.73414e-07 
808.845 -3.90213e-05 1.88251e-06 
809.383 -3.37552e-05 1.40776e-06 
809.92 3.23203e-05 1.28976e-06 
810.457 3.82212e-05 1.80251e-06 
810.995 -2.49336e-05 7.66572e-07 
811.532 -4.1012e-05 2.07261e-06 
812.069 1.75857e-05 3.80826e-07 
812.606 4.25959e-05 2.23283e-06 
813.144 -1.01321e-05 1.26251e-07 
813.681 -4.26517e-05 2.23573e-06 
814.218 3.23647e-06 1.28648e-08 
814.756 4.17495e-05 2.13932e-06 
815.293 3.33223e-06 1.36194e-08 
815.83 -3.96385e-05 1.9259e-06 
816.368 -9.00012e-06 9.92227e-08 
816.905 3.69415e-05 1.67054e-06 
817.442 1.41008e-05 2.43236e-07 
817.979 -3.34287e-05 1.36615e-06 
818.517 -1.81552e-05 4.02693e-07 
819.054 2.97281e-05 1.079e-06 
819.591 2.15927e-05 5.68876e-07 
820.129 -2.55878e-05 7.98333e-07 
820.666 -2.40149e-05 7.02742e-07 
821.203 2.16008e-05 5.68186e-07 
821.741 2.5922e-05 8.17713e-07 
822.278 -1.7464e-05 3.70911e-07 
822.815 -2.69677e-05 8.83863e-07 
823.352 1.37121e-05 2.2836e-07 
823.89 2.7689e-05 9.30565e-07 
824.427 -9.9779e-06 1.20761e-07 
824.964 -2.77584e-05 9.34014e-07 
825.502 6.73311e-06 5.49179e-08 
826.039 2.77153e-05 9.29904e-07 
826.576 -3.55029e-06 1.52491e-08 
827.114 -2.72187e-05 8.95718e-07 
827.651 8.49162e-07 8.71233e-10 
828.188 2.67849e-05 8.66267e-07 
828.725 1.84246e-06 4.09623e-09 
829.263 -2.60371e-05 8.17509e-07 
829.8 -4.13449e-06 2.06002e-08 
830.337 2.54539e-05 7.80289e-07 
830.875 6.52148e-06 5.11867e-08 
831.412 -2.4613e-05 7.28639e-07 
831.949 -8.6175e-06 8.92618e-08 
832.487 2.39537e-05 6.89237e-07 
833.024 1.09161e-05 1.43047e-07 
833.561 -2.30108e-05 6.35224e-07 
834.098 -1.30133e-05 2.03028e-07 
834.636 2.2193e-05 5.90113e-07 
835.173 1.53817e-05 2.83289e-07 
835.71 -2.10057e-05 5.27979e-07 
836.248 -1.75844e-05 3.69761e-07 
836.785 1.98416e-05 4.70477e-07 
837.322 2.00613e-05 4.80646e-07 
837.86 -1.81967e-05 3.95198e-07 
838.397 -2.23379e-05 5.95163e-07 
838.934 1.64661e-05 3.23188e-07 
839.471 2.48174e-05 7.33683e-07 
840.009 -1.41577e-05 2.38616e-07 
840.546 -2.69921e-05 8.66789e-07 
841.083 1.16862e-05 1.62372e-07 
841.621 2.92353e-05 1.01554e-06 
842.158 -8.58921e-06 8.76017e-08 
842.695 -3.10178e-05 1.1417e-06 
843.233 5.31501e-06 3.35012e-08 
843.77 3.26979e-05 1.26711e-06 
844.307 -1.44021e-06 2.45671e-09 
844.844 -3.37412e-05 1.34754e-06 
845.382 -2.54595e-06 7.66741e-09 
845.919 3.45104e-05 1.4079e-06 
846.456 7.02722e-06 5.83394e-08 
846.994 -3.44839e-05 1.40395e-06 
847.531 -1.14743e-05 1.55345e-07 
848.068 3.40494e-05 1.36706e-06 
848.606 1.62392e-05 3.10757e-07 
849.143 -3.27132e-05 1.26028e-06 
849.68 -2.07617e-05 5.07306e-07 
850.217 3.09037e-05 1.12328e-06 
850.755 2.53775e-05 7.56993e-07 
851.292 -2.8165e-05 9.31837e-07 
851.829 -2.95109e-05 1.02238e-06 
852.367 2.49736e-05 7.31703e-07 
852.904 3.34988e-05 1.31571e-06 
853.441 -2.09154e-05 5.12574e-07 
853.979 -3.67684e-05 1.58308e-06 
854.516 1.65151e-05 3.19185e-07 
855.053 3.96752e-05 1.84097e-06 
855.59 -1.13979e-05 1.51838e-07 
856.128 -4.16679e-05 2.02799e-06 
856.665 6.12947e-06 4.38565e-08 
857.202 4.3137e-05 2.17079e-06 
857.74 -3.64547e-07 1.54936e-10 
858.277 -4.35673e-05 2.21153e-06 
858.814 -5.30554e-06 3.27764e-08 
859.352 4.33931e-05 2.19114e-06 
859.889 1.12119e-05 1.46189e-07 
860.426 -4.21435e-05 2.06418e-06 
860.963 -1.67552e-05 3.26071e-07 
861.501 4.03002e-05 1.88521e-06 
862.038 2.22687e-05 5.7526e-07 
862.575 -3.74372e-05 1.62484e-06 
863.113 -2.71615e-05 8.54754e-07 
863.65 3.40814e-05 1.34492e-06 
864.187 3.17851e-05 1.16907e-06 
864.725 -2.98464e-05 1.03016e-06 
865.262 -3.55711e-05 1.46234e-06 
865.799 2.52967e-05 7.39115e-07 
866.336 3.89029e-05 1.74694e-06 
866.874 -2.0075e-05 4.64893e-07 
867.411 -4.1246e-05 1.96128e-06 
867.948 1.47721e-05 2.51415e-07 
868.486 4.3026e-05 2.13157e-06 
869.023 -9.04609e-06 9.41652e-08 
869.56 -4.37512e-05 2.2013e-06 
870.098 3.50084e-06 1.40857e-08 
870.635 4.38979e-05 2.21336e-06 
871.172 2.20728e-06 5.59256e-09 
871.709 -4.30188e-05 2.12297e-06 
872.247 -7.48254e-06 6.41887e-08 
872.784 4.16336e-05 1.98601e-06 
873.321 1.26881e-05 1.84341e-07 
873.859 -3.9331e-05 1.77023e-06 
874.396 -1.7251e-05 3.40345e-07 
874.933 3.66641e-05 1.53641e-06 
875.471 2.15638e-05 5.31142e-07 
876.008 -3.32469e-05 1.26181e-06 
876.545 -2.50853e-05 7.17899e-07 
877.082 2.96527e-05 1.00251e-06 
877.62 2.82431e-05 9.08908e-07 
878.157 -2.55084e-05 7.40958e-07 
878.694 -3.05316e-05 1.06087e-06 
879.232 2.13943e-05 5.20587e-07 
879.769 3.24146e-05 1.1943e-06 
880.306 -1.69376e-05 3.25888e-07 
880.844 -3.34207e-05 1.26804e-06 
881.381 1.27135e-05 1.83387e-07 
881.918 3.40472e-05 1.31442e-06 
882.455 -8.33791e-06 7.87811e-08 
882.993 -3.38517e-05 1.29779e-06 
883.53 4.37171e-06 2.16312e-08 
884.067 3.33582e-05 1.2587e-06 
884.605 -4.10394e-07 1.90394e-10 
885.142 -3.21449e-05 1.16737e-06 
885.679 -3.00485e-06 1.01946e-08 
886.217 3.07553e-05 1.06734e-06 
886.754 6.30407e-06 4.48166e-08 
887.291 -2.87792e-05 9.33452e-07 
887.828 -8.96919e-06 9.06102e-08 
888.366 2.67713e-05 8.06762e-07 
888.903 1.14578e-05 1.4769e-07 
889.44 -2.43236e-05 6.65177e-07 
889.978 -1.32753e-05 1.9802e-07 
890.515 2.19935e-05 5.43186e-07 
891.052 1.4906e-05 2.49355e-07 
891.59 -1.93677e-05 4.2072e-07 
892.127 -1.58766e-05 2.82544e-07 
892.664 1.69983e-05 3.23685e-07 
893.201 1.66945e-05 3.12031e-07 
893.739 -1.44598e-05 2.33946e-07 
894.276 -1.69038e-05 3.19518e-07 
894.813 1.22929e-05 1.68878e-07 
895.351 1.70295e-05 3.23899e-07 
895.888 -1.00554e-05 1.12862e-07 
896.425 -1.66278e-05 3.08428e-07 
896.963 8.27235e-06 7.62928e-08 
897.5 1.62351e-05 2.93682e-07 
898.037 -6.48275e-06 4.67976e-08 
898.574 -1.5414e-05 2.64409e-07 
899.112 5.19378e-06 3.00022e-08 
899.649 1.47057e-05 2.4038e-07 
900.186 -3.92514e-06 1.7115e-08 
900.724 -1.36725e-05 2.07543e-07 
901.261 3.16686e-06 1.11277e-08 
901.798 1.28546e-05 1.83234e-07 
902.336 -2.42077e-06 6.49438e-09 
902.873 -1.18086e-05 1.54444e-07 
903.41 2.16193e-06 5.17367e-09 
903.947 1.10685e-05 1.35529e-07 
904.485 -1.87721e-06 3.89605e-09 
905.022 -1.0181e-05 1.1453e-07 
905.559 2.03039e-06 4.5524e-09 
906.097 9.66999e-06 1.03199e-07 
906.634 -2.09762e-06 4.85313e-09 
907.171 -9.06955e-06 9.06739e-08 
907.709 2.53555e-06 7.0827e-09 
908.246 8.89131e-06 8.70418e-08 
908.783 -2.81414e-06 8.71429e-09 
909.32 -8.65535e-06 8.23858e-08 
909.858 3.38726e-06 1.26102e-08 
910.395 8.86016e-06 8.62289e-08 
910.932 -3.72345e-06 1.52197e-08 
911.47 -9.01195e-06 8.91036e-08 
912.007 4.27819e-06 2.00688e-08 
912.544 9.59685e-06 1.00926e-07 
913.082 -4.52257e-06 2.24007e-08 
913.619 -1.01087e-05 1.11847e-07 
914.156 4.91723e-06 2.64497e-08 
914.693 1.1023e-05 1.32839e-07 
915.231 -4.93907e-06 2.66539e-08 
915.768 -1.18234e-05 1.52651e-07 
916.305 5.05705e-06 2.79097e-08 
916.843 1.2978e-05 1.83704e-07 
917.38 -4.75597e-06 2.46563e-08 
917.917 -1.39627e-05 2.12392e-07 
918.455 4.51504e-06 2.21955e-08 
918.992 1.52418e-05 2.52792e-07 
919.529 -3.82776e-06 1.59339e-08 
920.066 -1.62867e-05 2.88303e-07 
920.604 3.18483e-06 1.10179e-08 
921.141 1.75611e-05 3.34794e-07 
921.678 -2.0887e-06 4.73339e-09 
922.216 -1.85348e-05 3.72515e-07 
922.753 1.04172e-06 1.17602e-09 
923.29 1.96742e-05 4.19235e-07 
923.828 4.45527e-07 2.14861e-10 
924.365 -2.04502e-05 4.52428e-07 
924.902 -1.86002e-06 3.7406e-09 
925.439 2.13343e-05 4.91822e-07 
925.977 3.68398e-06 1.46566e-08 
926.514 -2.18008e-05 5.12972e-07 
927.051 -5.39505e-06 3.13969e-08 
927.589 2.23288e-05 5.37497e-07 
928.126 7.46985e-06 6.01197e-08 
928.663 -2.23982e-05 5.40218e-07 
929.201 -9.37915e-06 9.46712e-08 
929.738 2.24967e-05 5.44349e-07 
930.275 1.1596e-05 1.44545e-07 
930.812 -2.21114e-05 5.25254e-07 
931.35 -1.35868e-05 1.98208e-07 
931.887 2.1739e-05 5.07126e-07 
932.424 1.58232e-05 2.68518e-07 
932.962 -2.08748e-05 4.67068e-07 
933.499 -1.77701e-05 3.38273e-07 
934.036 2.00248e-05 4.2931e-07 
934.574 1.99e-05 4.23733e-07 
935.111 -1.8692e-05 3.73637e-07 
935.648 -2.16788e-05 5.02295e-07 
936.185 1.73911e-05 3.23065e-07 
936.723 2.35818e-05 5.93668e-07 
937.26 -1.56329e-05 2.60748e-07 
937.797 -2.5079e-05 6.70676e-07 
938.335 1.39405e-05 2.07109e-07 
938.872 2.66519e-05 7.56571e-07 
939.409 -1.18308e-05 1.48996e-07 
939.947 -2.77759e-05 8.20793e-07 
940.484 9.8322e-06 1.0279e-07 
941.021 2.89393e-05 8.89972e-07 
941.558 -7.46526e-06 5.91892e-08 
942.096 -2.96237e-05 9.315e-07 
942.633 5.26245e-06 2.93787e-08 
943.17 3.03252e-05 9.75025e-07 
943.708 -2.746e-06 7.99031e-09 
944.245 -3.05317e-05 9.87231e-07 
944.782 4.50728e-07 2.15029e-10 
945.32 3.07475e-05 1.00009e-06 
945.857 2.10145e-06 4.66888e-09 
946.394 -3.04663e-05 9.80771e-07 
946.931 -4.37478e-06 2.02113e-08 
947.469 3.02e-05 9.62609e-07 
948.006 6.84927e-06 4.94855e-08 
948.543 -2.94482e-05 9.1424e-07 
949.081 -8.99016e-06 8.51593e-08 
949.618 2.87297e-05 8.69186e-07 
950.155 1.12812e-05 1.33941e-07 
950.693 -2.75493e-05 7.98327e-07 
951.23 -1.31903e-05 1.82904e-07 
951.767 2.64338e-05 7.34159e-07 
952.304 1.5207e-05 2.42836e-07 
952.842 -2.4893e-05 6.50328e-07 
953.379 -1.68043e-05 2.96195e-07 
953.916 2.34578e-05 5.76853e-07 
954.454 1.84784e-05 3.57745e-07 
954.991 -2.164e-05 4.9036e-07 
955.528 -1.97076e-05 4.06466e-07 
956.066 1.99731e-05 4.17255e-07 
956.603 2.09948e-05 4.60779e-07 
957.14 -1.79693e-05 3.37354e-07 
957.677 -2.1824e-05 4.97336e-07 
958.215 1.61633e-05 2.72644e-07 
958.752 2.27044e-05 5.37667e-07 
959.289 -1.40668e-05 2.06272e-07 
959.827 -2.31251e-05 5.57152e-07 
960.364 1.22137e-05 1.5533e-07 
960.901 2.36007e-05 5.79659e-07 
961.438 -1.0114e-05 1.06395e-07 
961.976 -2.36251e-05 5.80206e-07 
962.513 8.30025e-06 7.15774e-08 
963.05 2.37177e-05 5.8411e-07 
963.588 -6.27984e-06 4.09266e-08 
964.125 -2.33757e-05 5.66758e-07 
964.662 4.58265e-06 2.177e-08 
965.2 2.31224e-05 5.53923e-07 
965.737 -2.71226e-06 7.61732e-09 
966.274 -2.24572e-05 5.21927e-07 
966.811 1.19587e-06 1.4792e-09 
967.349 2.1906e-05 4.96069e-07 
967.886 4.66604e-07 2.24943e-10 
968.423 -2.09699e-05 4.54076e-07 
968.961 -1.75109e-06 3.16454e-09 
969.498 2.01772e-05 4.19926e-07 
970.035 3.16192e-06 1.03065e-08 
970.573 -1.90294e-05 3.73097e-07 
971.11 -4.17809e-06 1.79758e-08 
971.647 1.80562e-05 3.35542e-07 
972.184 5.30854e-06 2.89869e-08 
972.722 -1.67591e-05 2.88743e-07 
973.259 -6.03506e-06 3.74226e-08 
973.796 1.56687e-05 2.52114e-07 
974.334 6.87128e-06 4.84583e-08 
974.871 -1.42851e-05 2.09324e-07 
975.408 -7.30152e-06 5.46564e-08 
975.946 1.31394e-05 1.76899e-07 
976.483 7.84344e-06 6.30012e-08 
977.02 -1.17302e-05 1.40834e-07 
977.557 -7.98374e-06 6.52034e-08 
978.095 1.05883e-05 1.14623e-07 
978.632 8.24353e-06 6.94395e-08 
979.169 -9.21028e-06 8.66339e-08 
979.707 -8.11105e-06 6.71518e-08 
980.244 8.12648e-06 6.73707e-08 
980.781 8.11083e-06 6.70747e-08 
981.319 -6.83049e-06 4.75437e-08 
981.856 -7.73179e-06 6.08853e-08 
982.393 5.85207e-06 3.48605e-08 
982.93 7.50141e-06 5.72483e-08 
983.468 -4.68168e-06 2.22865e-08 
984.005 -6.90921e-06 4.85132e-08 
984.542 3.84733e-06 1.50344e-08 
985.08 6.48407e-06 4.268e-08 
985.617 -2.83691e-06 8.16551e-09 
986.154 -5.71626e-06 3.31344e-08 
986.692 2.17626e-06 4.79999e-09 
987.229 5.13574e-06 2.6717e-08 
987.766 -1.3504e-06 1.84618e-09 
988.303 -4.23269e-06 1.81277e-08 
988.841 8.83578e-07 7.8952e-10 
989.378 3.53832e-06 1.26541e-08 
989.915 -2.57385e-07 6.69217e-11 
990.453 -2.54181e-06 6.5231e-09 
990.99 -5.22662e-09 2.75659e-14 
991.527 1.77519e-06 3.17823e-09 
992.065 4.25477e-07 1.82479e-10 
992.602 -7.27087e-07 5.32595e-10 
993.139 -4.82429e-07 2.34346e-10 
993.676 -7.10909e-08 5.08607e-12 
994.214 6.98922e-07 4.91335e-10 
994.751 1.13107e-06 1.28607e-09 
995.288 -5.55797e-07 3.10373e-10 
995.826 -1.92204e-06 3.70974e-09 
996.363 5.77754e-07 3.35018e-10 
996.9 2.95709e-06 8.77155e-09 
997.438 -2.4613e-07 6.07354e-11 
997.975 -3.70522e-06 1.37565e-08 
998.512 8.80313e-08 7.76105e-12 
999.049 4.68185e-06 2.19406e-08 
999.587 4.15257e-07 1.7251e-10 
1000.12 -5.35619e-06 2.86852e-08 
1000.66 -7.34968e-07 5.39821e-10 
1001.2 6.24527e-06 3.89567e-08 
1001.74 1.38909e-06 1.92621e-09 
1002.27 -6.81974e-06 4.64034e-08 
1002.81 -1.84802e-06 3.40559e-09 
1003.35 7.59838e-06 5.75427e-08 
1003.89 2.6294e-06 6.887e-09 
1004.42 -8.05285e-06 6.45629e-08 
1004.96 -3.20243e-06 1.02049e-08 
1005.5 8.70435e-06 7.53516e-08 
1006.03 4.08559e-06 1.65919e-08 
1006.57 -9.02457e-06 8.09112e-08 
1007.11 -4.74623e-06 2.23676e-08 
1007.65 9.53763e-06 9.02761e-08 
1008.18 5.70382e-06 3.22694e-08 
1008.72 -9.71559e-06 9.35766e-08 
1009.26 -6.42467e-06 4.08977e-08 
1009.8 1.00843e-05 1.00708e-07 
1010.33 7.42855e-06 5.4619e-08 
1010.87 -1.01168e-05 1.01249e-07 
1011.41 -8.18155e-06 6.61827e-08 
1011.94 1.03402e-05 1.05658e-07 
1012.48 9.20407e-06 8.36706e-08 
1013.02 -1.0228e-05 1.03267e-07 
1013.56 -9.96171e-06 9.79084e-08 
1014.09 1.03094e-05 1.04806e-07 
1014.63 1.09763e-05 1.18742e-07 
1015.17 -1.00574e-05 9.96394e-08 
1015.71 -1.17129e-05 1.3507e-07 
1016.24 1.00029e-05 9.84589e-08 
1016.78 1.26947e-05 1.58496e-07 
1017.32 -9.61904e-06 9.09508e-08 
1017.85 -1.3387e-05 1.76068e-07 
1018.39 9.43771e-06 8.74618e-08 
1018.93 1.43138e-05 2.01078e-07 
1019.47 -8.93265e-06 7.82686e-08 
1020 -1.49408e-05 2.18851e-07 
1020.54 8.63657e-06 7.3089e-08 
1021.08 1.57934e-05 2.44283e-07 
1021.62 -8.0234e-06 6.30128e-08 
1022.15 -1.63379e-05 2.6114e-07 
1022.69 7.627e-06 5.68805e-08 
1023.23 1.71009e-05 2.85801e-07 
1023.77 -6.92116e-06 4.67904e-08 
1024.3 -1.7549e-05 3.00659e-07 
1024.84 6.44076e-06 4.0478e-08 
1025.38 1.82101e-05 3.234e-07 
1025.91 -5.65967e-06 3.12227e-08 
1026.45 -1.85513e-05 3.35281e-07 
1026.99 5.11321e-06 2.54578e-08 
1027.53 1.91013e-05 3.55087e-07 
1028.06 -4.27538e-06 1.77799e-08 
1028.6 -1.93277e-05 3.63172e-07 
1029.14 3.68217e-06 1.31745e-08 
